 0
 sum_p: 0 3210.30833333 9938.48293651 -6.72817460317
 1
 sum_p: 1 3250.2952381 9403.46984127 -6.15317460317
 2
 sum_p: 2 3250.35555556 9073.37142857 -5.82301587302
 3
 sum_p: 3 3308.25396825 9176.9047619 -5.86865079365
 4
 sum_p: 4 3313.95952381 10037.7690476 -6.72380952381
 5
 sum_p: 5 3291.18253968 9865.38888889 -6.57420634921
 6
 sum_p: 6 3282.8547619 9533.2515873 -6.2503968254
 7
 sum_p: 7 3257.09166667 9447.96468254 -6.19087301587
 8
 sum_p: 8 3274.71190476 9669.5531746 -6.39484126984
 9
 sum_p: 9 3294.48293651 9338.92738095 -6.04444444444
 10
 sum_p: 10 3362.04047619 9039.02460317 -5.67698412698
 11
 sum_p: 11 3328.56468254 9672.21547619 -6.34365079365
 12
 sum_p: 12 3360.96150794 9283.58055556 -5.92261904762
 13
 sum_p: 13 3392.16865079 9280.26388889 -5.8880952381
 14
 sum_p: 14 3379.2297619 9068.51547619 -5.68928571429
 15
 sum_p: 15 3355.5952381 9724.24603175 -6.36865079365
 16
 sum_p: 16 3371.23015873 8943.84920635 -5.57261904762
 17
 sum_p: 17 3359.52896825 8872.62420635 -5.5130952381
 18
 sum_p: 18 3378.42380952 9698.26507937 -6.31984126984
 19
 sum_p: 19 3345.46150794 9645.85833333 -6.3003968254
 20
 sum_p: 20 3356.50357143 8632.29722222 -5.27579365079
 21
 sum_p: 21 3406.11904762 8769.21428571 -5.3630952381
 22
 sum_p: 22 3375.04285714 9014.72539683 -5.63968253968
 23
 sum_p: 23 3419.64484127 10111.7083333 -6.69206349206
 24
 sum_p: 24 3384.27261905 9487.44722222 -6.10317460317
 25
 sum_p: 25 3472.31269841 8950.88412698 -5.47857142857
 26
 sum_p: 26 3436.89444444 9215.06904762 -5.77817460317
 27
 sum_p: 27 3403.29801587 9058.05992063 -5.65476190476
 28
 sum_p: 28 3404.35198413 8648.00277778 -5.24365079365
 29
 sum_p: 29 3447.88174603 8669.31031746 -5.22142857143
 30
 sum_p: 30 3410.21984127 9218.95 -5.80873015873
 31
 sum_p: 31 3381.93968254 9075.59047619 -5.69365079365
 32
 sum_p: 32 3451.90039683 9788.40833333 -6.33650793651
 33
 sum_p: 33 3441.3702381 8722.32261905 -5.28095238095
 34
 sum_p: 34 3460.47698413 9206.90555556 -5.74642857143
 35
 sum_p: 35 3457.76746032 9456.97380952 -5.99920634921
 36
 sum_p: 36 3466.76468254 8820.33611111 -5.35357142857
 37
 sum_p: 37 3468.50595238 9146.68055556 -5.67817460317
 38
 sum_p: 38 3497.66031746 9463.53333333 -5.96587301587
 39
 sum_p: 39 3529.0484127 9693.33412698 -6.16428571429
 40
 sum_p: 40 3517.22698413 10055.3222222 -6.5380952381
 41
 sum_p: 41 3464.33730159 9249.6547619 -5.78531746032
 42
 sum_p: 42 3499.38412698 9241.44761905 -5.74206349206
 43
 sum_p: 43 3503.53373016 10015.0416667 -6.51150793651
 44
 sum_p: 44 3513.44047619 10143.202381 -6.62976190476
 45
 sum_p: 45 3480.38333333 8676.81190476 -5.19642857143
 46
 sum_p: 46 3505.61587302 8681.80634921 -5.17619047619
 47
 sum_p: 47 3481.30912698 9517.0234127 -6.03571428571
 48
 sum_p: 48 3505.14126984 9089.26825397 -5.58412698413
 49
 sum_p: 49 3483.72619048 9374.59920635 -5.89087301587
 50
 sum_p: 50 3541.8202381 9250.94722222 -5.70912698413
 51
 sum_p: 51 3512.74920635 10527.0349206 -7.01428571429
 52
 sum_p: 52 3485.07380952 9387.05793651 -5.90198412698
 53
 sum_p: 53 3454.70396825 9258.27539683 -5.80357142857
 54
 sum_p: 54 3516.31309524 9287.74166667 -5.77142857143
 55
 sum_p: 55 3522.26507937 9410.36031746 -5.8880952381
 56
 sum_p: 56 3525.54166667 9392.60515873 -5.86706349206
 57
 sum_p: 57 3519.25277778 8842.26865079 -5.32301587302
 58
 sum_p: 58 3567.67380952 9116.88015873 -5.54920634921
 59
 sum_p: 59 3495.39285714 9521.98015873 -6.02658730159
 60
 sum_p: 60 3525.45674603 9267.5202381 -5.74206349206
 61
 sum_p: 61 3555.51547619 9500.35674603 -5.94484126984
 62
 sum_p: 62 3543.36031746 9278.67777778 -5.73531746032
 63
 sum_p: 63 3530.72103175 9560.48293651 -6.02976190476
 64
 sum_p: 64 3557.35079365 9643.06507937 -6.08571428571
 65
 sum_p: 65 3553.6968254 10077.9031746 -6.52420634921
 66
 sum_p: 66 3514.41190476 8477.11031746 -4.9626984127
 67
 sum_p: 67 3570.89404762 9840.73531746 -6.26984126984
 68
 sum_p: 68 3551.50198413 8964.59722222 -5.4130952381
 69
 sum_p: 69 3546.09087302 9942.12261905 -6.39603174603
 70
 sum_p: 70 3607.82103175 10384.8051587 -6.77698412698
 71
 sum_p: 71 3627.88055556 10019.9440476 -6.39206349206
 72
 sum_p: 72 3653.26825397 9555.25238095 -5.90198412698
 73
 sum_p: 73 3653.01626984 9577.61944444 -5.9246031746
 74
 sum_p: 74 3699.67936508 9531.02857143 -5.83134920635
 75
 sum_p: 75 3670.49365079 10139.1444444 -6.46865079365
 76
 sum_p: 76 3676.55436508 10478.5384921 -6.80198412698
 77
 sum_p: 77 3643.81190476 9466.43095238 -5.82261904762
 78
 sum_p: 78 3669.025 9061.88214286 -5.39285714286
 79
 sum_p: 79 3662.68531746 9942.44722222 -6.27976190476
 80
 sum_p: 80 3627.66428571 9087.98174603 -5.46031746032
 81
 sum_p: 81 3674.02063492 10472.8301587 -6.79880952381
 82
 sum_p: 82 3656.18055556 9859.75198413 -6.20357142857
 83
 sum_p: 83 3668.91547619 9722.48690476 -6.05357142857
 84
 sum_p: 84 3747.65277778 9696.85912698 -5.94920634921
 85
 sum_p: 85 3694.31865079 9806.2234127 -6.1119047619
 86
 sum_p: 86 3734.06269841 9063.82460317 -5.32976190476
 87
 sum_p: 87 3743.73134921 9812.38214286 -6.06865079365
