 0
 sum_p: 0 -3279.43888889 5182.86269841 -8.4623015873
 1
 sum_p: 1 -3264.46634921 5153.39079365 -8.41785714286
 2
 sum_p: 2 -3263.51325397 4968.31214286 -8.23182539683
 3
 sum_p: 3 -3268.40452381 5245.0081746 -8.51341269841
 4
 sum_p: 4 -3276.43246032 5161.9802381 -8.43841269841
 5
 sum_p: 5 -3268.74738095 5157.44309524 -8.42619047619
 6
 sum_p: 6 -3253.03507937 5366.17126984 -8.61920634921
 7
 sum_p: 7 -3249.64809524 5116.85984127 -8.36650793651
 8
 sum_p: 8 -3259.73587302 5212.56571429 -8.4723015873
 9
 sum_p: 9 -3256.39904762 5153.99777778 -8.4103968254
 10
 sum_p: 10 -3248.69039683 5181.38896825 -8.43007936508
 11
 sum_p: 11 -3238.10515873 5225.625 -8.46373015873
 12
 sum_p: 12 -3255.15674603 5026.35119048 -8.28150793651
 13
 sum_p: 13 -3235.94253968 5092.23206349 -8.32817460317
 14
 sum_p: 14 -3244.55230159 5052.82865079 -8.29738095238
 15
 sum_p: 15 -3235.90634921 5076.15714286 -8.31206349206
 16
 sum_p: 16 -3251.20134921 5094.98912698 -8.34619047619
 17
 sum_p: 17 -3246.50134921 5145.0065873 -8.39150793651
 18
 sum_p: 18 -3236.05595238 5167.91230159 -8.40396825397
 19
 sum_p: 19 -3241.23738095 5235.27055556 -8.47650793651
 20
 sum_p: 20 -3242.39357143 5091.57468254 -8.33396825397
 21
 sum_p: 21 -3238.68611111 5163.37738095 -8.40206349206
 22
 sum_p: 22 -3231.8365873 5250.70309524 -8.48253968254
 23
 sum_p: 23 -3235.55944444 5219.51992063 -8.45507936508
 24
 sum_p: 24 -3229.95396825 5213.45873016 -8.44341269841
 25
 sum_p: 25 -3232.75873016 5053.74920635 -8.28650793651
 26
 sum_p: 26 -3235.36706349 5022.56944444 -8.25793650794
 27
 sum_p: 27 -3227.6784127 5265.73428571 -8.49341269841
 28
 sum_p: 28 -3228.21333333 5261.62793651 -8.48984126984
 29
 sum_p: 29 -3220.88730159 5101.73174603 -8.32261904762
 30
 sum_p: 30 -3223.72222222 5104.45238095 -8.32817460317
 31
 sum_p: 31 -3223.63952381 5042.31285714 -8.26595238095
 32
 sum_p: 32 -3228.57833333 5147.0565873 -8.37563492063
 33
 sum_p: 33 -3213.98650794 5286.09285714 -8.50007936508
 34
 sum_p: 34 -3221.97833333 5209.52960317 -8.43150793651
 35
 sum_p: 35 -3211.77865079 5135.20547619 -8.34698412698
 36
 sum_p: 36 -3218.9034127 5238.3981746 -8.4573015873
 37
 sum_p: 37 -3215.30468254 5217.31436508 -8.43261904762
 38
 sum_p: 38 -3215.89015873 5011.72888889 -8.22761904762
 39
 sum_p: 39 -3214.66809524 5282.63349206 -8.4973015873
 40
 sum_p: 40 -3210.68230159 5186.85738095 -8.39753968254
 41
 sum_p: 41 -3201.72333333 5118.67349206 -8.3203968254
 42
 sum_p: 42 -3199.83468254 5396.03833333 -8.59587301587
 43
 sum_p: 43 -3203.80928571 5178.73039683 -8.38253968254
 44
 sum_p: 44 -3188.4602381 5045.82547619 -8.23428571429
 45
 sum_p: 45 -3197.0302381 5239.23960317 -8.43626984127
 46
 sum_p: 46 -3191.82888889 5268.01238095 -8.45984126984
 47
 sum_p: 47 -3201.31309524 5348.76626984 -8.55007936508
 48
 sum_p: 48 -3199.22365079 5444.18904762 -8.64341269841
 49
 sum_p: 49 -3175.5431746 5185.40920635 -8.36095238095
 50
 sum_p: 50 -3198.50666667 4973.23936508 -8.17174603175
 51
 sum_p: 51 -3187.43992063 5233.195 -8.42063492063
 52
 sum_p: 52 -3184.36587302 5340.71349206 -8.52507936508
 53
 sum_p: 53 -3187.6497619 5201.63595238 -8.38928571429
 54
 sum_p: 54 -3184.22555556 5470.29825397 -8.65452380952
 55
 sum_p: 55 -3178.04325397 5242.90912698 -8.42095238095
 56
 sum_p: 56 -3173.12968254 5224.72746032 -8.39785714286
 57
 sum_p: 57 -3176.31246032 5465.11611111 -8.64142857143
 58
 sum_p: 58 -3175.24769841 5076.10150794 -8.25134920635
 59
 sum_p: 59 -3155.1068254 5334.73444444 -8.48984126984
 60
 sum_p: 60 -3175.93 5135.81603175 -8.31174603175
 61
 sum_p: 61 -3172.08825397 5116.64190476 -8.28873015873
 62
 sum_p: 62 -3163.01238095 5247.62253968 -8.41063492063
 63
 sum_p: 63 -3160.42984127 5132.50666667 -8.29293650794
 64
 sum_p: 64 -3157.29428571 5367.22952381 -8.52452380952
 65
 sum_p: 65 -3160.08896825 5136.41896825 -8.29650793651
 66
 sum_p: 66 -3150.5684127 5170.70142857 -8.32126984127
 67
 sum_p: 67 -3165.13277778 5002.645 -8.16777777778
 68
 sum_p: 68 -3163.57206349 5111.58666667 -8.27515873016
 69
 sum_p: 69 -3136.16333333 5418.91603175 -8.55507936508
 70
 sum_p: 70 -3159.75539683 5190.87952381 -8.35063492063
 71
 sum_p: 71 -3166.95825397 5108.99412698 -8.27595238095
 72
 sum_p: 72 -3158.47214286 5290.57547619 -8.44904761905
 73
 sum_p: 73 -3148.11007937 5257.60420635 -8.40571428571
 74
 sum_p: 74 -3149.69222222 5317.60936508 -8.4673015873
 75
 sum_p: 75 -3133.1252381 4985.04936508 -8.11817460317
 76
 sum_p: 76 -3153.31698413 5181.12746032 -8.33444444444
 77
 sum_p: 77 -3152.11587302 5250.5031746 -8.40261904762
 78
 sum_p: 78 -3141.26349206 5419.68888889 -8.56095238095
 79
 sum_p: 79 -3149.26222222 5278.03936508 -8.4273015873
 80
 sum_p: 80 -3138.55944444 5214.45642857 -8.35301587302
 81
 sum_p: 81 -3129.58166667 5359.70404762 -8.48928571429
 82
 sum_p: 82 -3131.32888889 5199.30603175 -8.33063492063
 83
 sum_p: 83 -3122.22039683 5124.28753968 -8.24650793651
 84
 sum_p: 84 -3112.30134921 5205.07960317 -8.31738095238
 85
 sum_p: 85 -3121.90103175 5298.01960317 -8.41992063492
 86
 sum_p: 86 -3126.74 5201.43460317 -8.32817460317
 87
 sum_p: 87 -3123.89555556 5177.37428571 -8.30126984127
 88
 sum_p: 88 -3112.72007937 5301.08944444 -8.41380952381
 89
 sum_p: 89 -3112.5581746 5145.61642857 -8.25817460317
 90
 sum_p: 90 -3121.67531746 5308.64214286 -8.43031746032
 91
 sum_p: 91 -3107.96952381 5481.55428571 -8.58952380952
 92
 sum_p: 92 -3121.06547619 5258.53769841 -8.3796031746
 93
 sum_p: 93 -3135.42261905 5131.40277778 -8.26682539683
 94
 sum_p: 94 -3128.71261905 5193.19214286 -8.3219047619
 95
 sum_p: 95 -3129.61380952 5349.35444444 -8.47896825397
 96
 sum_p: 96 -3111.11436508 5376.18722222 -8.4873015873
 97
 sum_p: 97 -3118.4347619 5268.39063492 -8.38682539683
 98
 sum_p: 98 -3110.83944444 5180.43039683 -8.29126984127
 99
 sum_p: 99 -3116.87134921 5179.6365873 -8.29650793651
 100
 sum_p: 100 -3113.08293651 5521.44087302 -8.63452380952
 101
 sum_p: 101 -3103.58190476 5287.92603175 -8.39150793651
 102
 sum_p: 102 -3113.5134127 5376.8834127 -8.4903968254
 103
 sum_p: 103 -3109.4831746 5225.91365079 -8.3353968254
 104
 sum_p: 104 -3119.25563492 5247.5697619 -8.36682539683
 105
 sum_p: 105 -3096.48301587 5280.02492063 -8.37650793651
 106
 sum_p: 106 -3105.75301587 5370.99301587 -8.47674603175
 107
 sum_p: 107 -3109.35579365 5207.78706349 -8.31714285714
 108
 sum_p: 108 -3109.65357143 5462.56865079 -8.57222222222
 109
 sum_p: 109 -3111.41563492 5518.42563492 -8.62984126984
 110
 sum_p: 110 -3112.95166667 5499.90547619 -8.61285714286
 111
 sum_p: 111 -3118.78436508 5351.92992063 -8.47071428571
 112
 sum_p: 112 -3112.03603175 5286.45603175 -8.39849206349
 113
 sum_p: 113 -3100.99952381 5376.14333333 -8.47714285714
 114
 sum_p: 114 -3108.74047619 5245.22777778 -8.35396825397
 115
 sum_p: 115 -3100.72793651 5323.79587302 -8.42452380952
 116
 sum_p: 116 -3105.58436508 5245.05055556 -8.35063492063
 117
 sum_p: 117 -3091.06214286 5180.20769841 -8.27126984127
 118
 sum_p: 118 -3106.10452381 5325.4034127 -8.43150793651
 119
 sum_p: 119 -3104.6047619 5368.88730159 -8.47349206349
 120
 sum_p: 120 -3102.55007937 5482.2118254 -8.58476190476
 121
 sum_p: 121 -3073.75396825 5158.07142857 -8.23182539683
 122
 sum_p: 122 -3096.18468254 5097.06928571 -8.19325396825
 123
 sum_p: 123 -3097.41873016 5295.20031746 -8.39261904762
 124
 sum_p: 124 -3087.68555556 5247.4731746 -8.33515873016
 125
 sum_p: 125 -3093.48230159 5326.67642857 -8.42015873016
 126
 sum_p: 126 -3080.25063492 5458.16206349 -8.53841269841
 127
 sum_p: 127 -3072.73642857 5207.89849206 -8.28063492063
 128
 sum_p: 128 -3079.39571429 5417.90587302 -8.4973015873
 129
 sum_p: 129 -3078.44555556 5208.69730159 -8.28714285714
 130
 sum_p: 130 -3078.51309524 5372.99484127 -8.45150793651
 131
 sum_p: 131 -3081.30650794 5173.29666667 -8.2546031746
 132
 sum_p: 132 -3077.17801587 5520.12357143 -8.5973015873
 133
 sum_p: 133 -3078.76277778 5424.64992063 -8.50341269841
 134
 sum_p: 134 -3082.935 5139.28722222 -8.22222222222
 135
 sum_p: 135 -3085.3381746 5404.74119048 -8.49007936508
 136
 sum_p: 136 -3082.14674603 5347.37706349 -8.42952380952
 137
 sum_p: 137 -3076.94777778 5364.56015873 -8.44150793651
 138
 sum_p: 138 -3077.78642857 5145.15007937 -8.22293650794
 139
 sum_p: 139 -3076.60944444 5199.89849206 -8.27650793651
 140
 sum_p: 140 -3059.18912698 5483.66801587 -8.54285714286
 141
 sum_p: 141 -3070.70920635 5202.70349206 -8.27341269841
 142
 sum_p: 142 -3072.60650794 5203.26650794 -8.27587301587
 143
 sum_p: 143 -3052.27166667 5404.395 -8.45666666667
 144
 sum_p: 144 -3052.63380952 5232.2868254 -8.28492063492
 145
 sum_p: 145 -3057.6847619 5353.8231746 -8.41150793651
 146
 sum_p: 146 -3046.10261905 5364.8497619 -8.41095238095
 147
 sum_p: 147 -3046.67007937 5452.06007937 -8.49873015873
 148
 sum_p: 148 -3062.67920635 5466.60650794 -8.52928571429
 149
 sum_p: 149 -3053.57833333 5386.42166667 -8.44
 150
 sum_p: 150 -3051.40134921 5363.99547619 -8.4153968254
 151
 sum_p: 151 -3060.05761905 5222.56142857 -8.28261904762
 152
 sum_p: 152 -3061.68222222 5364.82571429 -8.42650793651
 153
 sum_p: 153 -3062.66619048 5317.17507937 -8.37984126984
 154
 sum_p: 154 -3064.0568254 5280.22888889 -8.34428571429
 155
 sum_p: 155 -3063.36079365 5267.27412698 -8.33063492063
 156
 sum_p: 156 -3050.54928571 5317.14912698 -8.3676984127
 157
 sum_p: 157 -3056.67769841 5306.97309524 -8.36365079365
 158
 sum_p: 158 -3062.10190476 5296.62825397 -8.35873015873
 159
 sum_p: 159 -3048.61309524 5365.91071429 -8.41452380952
 160
 sum_p: 160 -3061.01968254 5267.86920635 -8.32888888889
 161
 sum_p: 161 -3050.05492063 5405.65936508 -8.45571428571
 162
 sum_p: 162 -3050.18833333 5234.89103175 -8.28507936508
 163
 sum_p: 163 -3042.91714286 5266.92412698 -8.30984126984
 164
 sum_p: 164 -3061.56722222 5423.51214286 -8.48507936508
 165
 sum_p: 165 -3036.7952381 5506.06190476 -8.54285714286
 166
 sum_p: 166 -3053.02873016 5289.0347619 -8.34206349206
 167
 sum_p: 167 -3046.85753968 5311.39642857 -8.35825396825
 168
 sum_p: 168 -3055.60571429 5351.45777778 -8.40706349206
 169
 sum_p: 169 -3047.88214286 5331.40357143 -8.37928571429
 170
 sum_p: 170 -3035.5615873 5369.0415873 -8.4046031746
 171
 sum_p: 171 -3031.26992063 5341.58722222 -8.37285714286
 172
 sum_p: 172 -3037.26119048 5436.15150794 -8.47341269841
 173
 sum_p: 173 -3048.39769841 5398.1102381 -8.44650793651
 174
 sum_p: 174 -3041.49880952 5405.00912698 -8.44650793651
 175
 sum_p: 175 -3058.13404762 5108.05642857 -8.16619047619
 176
 sum_p: 176 -3032.71325397 5458.47722222 -8.49119047619
 177
 sum_p: 177 -3048.57793651 5558.72365079 -8.6073015873
 178
 sum_p: 178 -3056.05333333 5482.35936508 -8.53841269841
 179
 sum_p: 179 -3053.98206349 5260.46238095 -8.31444444444
 180
 sum_p: 180 -3053.77087302 5303.45134921 -8.35722222222
 181
 sum_p: 181 -3057.69388889 5169.60769841 -8.2273015873
 182
 sum_p: 182 -3045.8434127 5439.63277778 -8.48547619048
 183
 sum_p: 183 -3019.71436508 5270.7618254 -8.29047619048
 184
 sum_p: 184 -3033.79793651 5345.56714286 -8.37936507937
 185
 sum_p: 185 -3026.32952381 5270.49587302 -8.29682539683
 186
 sum_p: 186 -3033.47849206 5365.41039683 -8.39888888889
 187
 sum_p: 187 -3027.9818254 5586.54198413 -8.61452380952
 188
 sum_p: 188 -3035.78238095 5269.7731746 -8.30555555556
 189
 sum_p: 189 -3038.35357143 5385.13849206 -8.42349206349
 190
 sum_p: 190 -3017.77690476 5369.60404762 -8.38738095238
 191
 sum_p: 191 -3020.70095238 5302.79111111 -8.32349206349
 192
 sum_p: 192 -3038.09880952 5374.20277778 -8.4123015873
 193
 sum_p: 193 -3023.63253968 5254.46269841 -8.2780952381
 194
 sum_p: 194 -3027.63428571 5390.54031746 -8.41817460317
 195
 sum_p: 195 -3010.49515873 5240.77468254 -8.25126984127
 196
 sum_p: 196 -3013.02722222 5390.30611111 -8.40333333333
 197
 sum_p: 197 -3016.28730159 5295.22063492 -8.31150793651
 198
 sum_p: 198 -3028.34619048 5154.59031746 -8.18293650794
 199
 sum_p: 199 -3007.9915873 5379.07190476 -8.38706349206
 200
 sum_p: 200 -3013.8502381 5500.11801587 -8.51396825397
 201
 sum_p: 201 -3022.23357143 5418.40134921 -8.44063492063
 202
 sum_p: 202 -3027.59285714 5417.88333333 -8.44547619048
 203
 sum_p: 203 -3008.74031746 5252.52952381 -8.26126984127
 204
 sum_p: 204 -3021.02928571 5366.27230159 -8.3873015873
 205
 sum_p: 205 -3023.29134921 5298.77214286 -8.32206349206
 206
 sum_p: 206 -3026.81309524 5329.69484127 -8.35650793651
 207
 sum_p: 207 -3018.97714286 5321.73714286 -8.34071428571
 208
 sum_p: 208 -3006.87539683 5406.06111111 -8.41293650794
 209
 sum_p: 209 -3028.78904762 5456.9252381 -8.48571428571
 210
 sum_p: 210 -3021.23126984 5284.48301587 -8.30571428571
 211
 sum_p: 211 -3025.46452381 5388.82119048 -8.41428571429
 212
 sum_p: 212 -3013.21714286 5383.05269841 -8.39626984127
 213
 sum_p: 213 -3009.89269841 5550.66285714 -8.56055555556
 214
 sum_p: 214 -3017.86507937 5289.1984127 -8.30706349206
 215
 sum_p: 215 -3013.22015873 5469.79571429 -8.48301587302
 216
 sum_p: 216 -3021.95269841 5512.33301587 -8.53428571429
 217
 sum_p: 217 -3006.18007937 5280.16912698 -8.28634920635
 218
 sum_p: 218 -3020.96174603 5342.7684127 -8.36373015873
 219
 sum_p: 219 -3002.72492063 5375.13222222 -8.37785714286
 220
 sum_p: 220 -3017.64095238 5671.88285714 -8.68952380952
 221
 sum_p: 221 -2994.27277778 5391.2034127 -8.38547619048
 222
 sum_p: 222 -2999.57825397 5217.24714286 -8.21682539683
 223
 sum_p: 223 -3005.87436508 5508.09388889 -8.51396825397
 224
 sum_p: 224 -2978.89325397 5599.51944444 -8.57841269841
 225
 sum_p: 225 -2984.8818254 5430.35626984 -8.41523809524
 226
 sum_p: 226 -2995.10809524 5665.20936508 -8.66031746032
 227
 sum_p: 227 -2992.09214286 5369.89198413 -8.36198412698
 228
 sum_p: 228 -3004.02055556 5345.82071429 -8.34984126984
 229
 sum_p: 229 -2989.23714286 5495.60412698 -8.48484126984
 230
 sum_p: 230 -2980.33277778 5475.38150794 -8.45571428571
 231
 sum_p: 231 -3008.06444444 5242.25301587 -8.25031746032
 232
 sum_p: 232 -3006.58087302 5449.84769841 -8.45642857143
 233
 sum_p: 233 -2981.47777778 5481.14126984 -8.46261904762
 234
 sum_p: 234 -2998.63515873 5563.74579365 -8.56238095238
 235
 sum_p: 235 -2977.64484127 5397.51388889 -8.37515873016
 236
 sum_p: 236 -2979.32198413 5466.07484127 -8.4453968254
 237
 sum_p: 237 -2976.6234127 5535.20198413 -8.51182539683
 238
 sum_p: 238 -2988.47333333 5333.35206349 -8.32182539683
 239
 sum_p: 239 -2995.58492063 5379.25634921 -8.37484126984
 240
 sum_p: 240 -2984.22865079 5415.05706349 -8.39928571429
 241
 sum_p: 241 -2974.44412698 5468.65111111 -8.4430952381
 242
 sum_p: 242 -2978.02150794 5421.02611111 -8.39904761905
 243
 sum_p: 243 -2986.48952381 5336.12952381 -8.32261904762
 244
 sum_p: 244 -2990.54174603 5630.96619048 -8.62150793651
 245
 sum_p: 245 -2970.98619048 5471.3947619 -8.44238095238
 246
 sum_p: 246 -2964.39134921 5385.52928571 -8.34992063492
 247
 sum_p: 247 -2973.34111111 5488.40492063 -8.46174603175
 248
 sum_p: 248 -2970.45753968 5235.01865079 -8.20547619048
 249
 sum_p: 249 -2965.91984127 5330.19126984 -8.29611111111
 250
 sum_p: 250 -2977.10238095 5609.32619048 -8.58642857143
 251
 sum_p: 251 -2978.32936508 5395.95634921 -8.37428571429
 252
 sum_p: 252 -2967.08198413 5473.23547619 -8.44031746032
 253
 sum_p: 253 -2959.3197619 5727.34690476 -8.68666666667
 254
 sum_p: 254 -2955.17547619 5695.45944444 -8.65063492063
 255
 sum_p: 255 -2959.05952381 5579.90873016 -8.53896825397
 256
 sum_p: 256 -2967.25722222 5349.17134921 -8.31642857143
 257
 sum_p: 257 -2950.13277778 5209.78785714 -8.15992063492
 258
 sum_p: 258 -2949.38690476 5498.4702381 -8.44785714286
 259
 sum_p: 259 -2950.7215873 5583.72285714 -8.53444444444
 260
 sum_p: 260 -2970.09865079 5617.52039683 -8.58761904762
 261
 sum_p: 261 -2942.84142857 5642.23793651 -8.58507936508
 262
 sum_p: 262 -2956.88380952 5421.29079365 -8.37817460317
 263
 sum_p: 263 -2950.19119048 5489.09452381 -8.43928571429
 264
 sum_p: 264 -2934.56952381 5385.50984127 -8.32007936508
 265
 sum_p: 265 -2947.1552381 5418.87650794 -8.36603174603
 266
 sum_p: 266 -2945.44849206 5326.93246032 -8.27238095238
 267
 sum_p: 267 -2937.43396825 5457.16920635 -8.3946031746
 268
 sum_p: 268 -2934.84452381 5524.67928571 -8.45952380952
 269
 sum_p: 269 -2919.34095238 5584.62730159 -8.50396825397
 270
 sum_p: 270 -2939.87825397 5606.31222222 -8.54619047619
 271
 sum_p: 271 -2932.72261905 5623.15039683 -8.55587301587
 272
 sum_p: 272 -2929.16531746 5426.23150794 -8.3553968254
 273
 sum_p: 273 -2927.73166667 5609.64928571 -8.53738095238
 274
 sum_p: 274 -2922.8434127 5586.12484127 -8.50896825397
 275
 sum_p: 275 -2931.10960317 5481.27134921 -8.41238095238
 276
 sum_p: 276 -2936.84301587 5298.39507937 -8.23523809524
 277
 sum_p: 277 -2912.01865079 5353.3781746 -8.2653968254
 278
 sum_p: 278 -2909.65150794 5376.77706349 -8.28642857143
 279
 sum_p: 279 -2909.36222222 5650.71714286 -8.56007936508
 280
 sum_p: 280 -2908.56269841 5589.29444444 -8.49785714286
 281
 sum_p: 281 -2922.15706349 5598.00166667 -8.52015873016
 282
 sum_p: 282 -2914.96420635 5390.75007937 -8.30571428571
 283
 sum_p: 283 -2903.84888889 5407.65904762 -8.31150793651
 284
 sum_p: 284 -2911.94587302 5326.54619048 -8.23849206349
 285
 sum_p: 285 -2922.31015873 5492.29301587 -8.4146031746
 286
 sum_p: 286 -2916.8881746 5552.15944444 -8.46904761905
 287
 sum_p: 287 -2915.14293651 5259.4602381 -8.1746031746
 288
 sum_p: 288 -2907.54825397 5538.40412698 -8.44595238095
 289
 sum_p: 289 -2899.68134921 5484.36626984 -8.38404761905
 290
 sum_p: 290 -2892.63031746 5312.84587302 -8.20547619048
 291
 sum_p: 291 -2889.77285714 5317.84619048 -8.20761904762
 292
 sum_p: 292 -2892.59063492 5457.25063492 -8.34984126984
 293
 sum_p: 293 -2893.15031746 5468.75444444 -8.3619047619
 294
 sum_p: 294 -2887.22666667 5483.72571429 -8.37095238095
 295
 sum_p: 295 -2876.42484127 5735.95611111 -8.61238095238
 296
 sum_p: 296 -2891.4497619 5663.31214286 -8.55476190476
 297
 sum_p: 297 -2879.05468254 5550.23103175 -8.42928571429
 298
 sum_p: 298 -2887.13928571 5424.84484127 -8.31198412698
 299
 sum_p: 299 -2891.07880952 5565.98468254 -8.45706349206
 300
 sum_p: 300 -2870.24555556 5745.86555556 -8.61611111111
 301
 sum_p: 301 -2870.13349206 5735.81888889 -8.60595238095
 302
 sum_p: 302 -2864.43095238 5517.07698413 -8.38150793651
 303
 sum_p: 303 -2865.51261905 5455.51912698 -8.32103174603
 304
 sum_p: 304 -2870.6981746 5497.23833333 -8.36793650794
 305
 sum_p: 305 -2871.99111111 5502.85015873 -8.37484126984
 306
 sum_p: 306 -2871.97746032 5728.34 -8.60031746032
 307
 sum_p: 307 -2871.83642857 5317.21119048 -8.18904761905
 308
 sum_p: 308 -2863.38357143 5720.3465873 -8.58373015873
 309
 sum_p: 309 -2866.76857143 5667.83460317 -8.5346031746
 310
 sum_p: 310 -2877.12420635 5478.59007937 -8.35571428571
 311
 sum_p: 311 -2859.33587302 5414.47365079 -8.27380952381
 312
 sum_p: 312 -2856.55698413 5578.36365079 -8.43492063492
 313
 sum_p: 313 -2865.37626984 5571.52849206 -8.4369047619
 314
 sum_p: 314 -2854.11650794 5554.37555556 -8.40849206349
 315
 sum_p: 315 -2856.70571429 5512.02444444 -8.36873015873
 316
 sum_p: 316 -2860.54388889 5500.72595238 -8.36126984127
 317
 sum_p: 317 -2863.13626984 5571.14944444 -8.43428571429
 318
 sum_p: 318 -2872.62055556 5413.88738095 -8.28650793651
 319
 sum_p: 319 -2857.53468254 5603.65579365 -8.46119047619
 320
 sum_p: 320 -2866.68650794 5567.28174603 -8.43396825397
 321
 sum_p: 321 -2872.98238095 5429.8747619 -8.30285714286
 322
 sum_p: 322 -2842.07603175 5568.63825397 -8.41071428571
 323
 sum_p: 323 -2860.82952381 5694.17047619 -8.555
 324
 sum_p: 324 -2865.11936508 5444.16634921 -8.30928571429
 325
 sum_p: 325 -2861.20912698 5521.40992063 -8.38261904762
 326
 sum_p: 326 -2859.58246032 5476.1318254 -8.33571428571
 327
 sum_p: 327 -2853.24896825 5517.62404762 -8.37087301587
 328
 sum_p: 328 -2845.87896825 5528.16865079 -8.37404761905
 329
 sum_p: 329 -2846.67039683 5587.93277778 -8.4346031746
 330
 sum_p: 330 -2854.31634921 5516.95349206 -8.37126984127
 331
 sum_p: 331 -2848.87388889 5521.12611111 -8.37
 332
 sum_p: 332 -2838.52960317 5570.35928571 -8.40888888889
 333
 sum_p: 333 -2845.00230159 5545.07706349 -8.39007936508
 334
 sum_p: 334 -2839.24277778 5551.15404762 -8.3903968254
 335
 sum_p: 335 -2844.31373016 5502.7497619 -8.34706349206
 336
 sum_p: 336 -2822.40880952 5497.98801587 -8.3203968254
 337
 sum_p: 337 -2850.05912698 5833.75039683 -8.68380952381
 338
 sum_p: 338 -2856.21936508 5531.71714286 -8.38793650794
 339
 sum_p: 339 -2840.49769841 5535.13722222 -8.37563492063
 340
 sum_p: 340 -2836.1752381 5549.2215873 -8.3853968254
 341
 sum_p: 341 -2836.0484127 5569.03095238 -8.40507936508
 342
 sum_p: 342 -2838.59111111 5569.50412698 -8.4080952381
 343
 sum_p: 343 -2836.08039683 5490.18944444 -8.32626984127
 344
 sum_p: 344 -2823.98857143 5735.21777778 -8.55920634921
 345
 sum_p: 345 -2826.7165873 5809.95007937 -8.63666666667
 346
 sum_p: 346 -2827.35531746 5779.7081746 -8.60706349206
 347
 sum_p: 347 -2840.16444444 5627.13714286 -8.4673015873
 348
 sum_p: 348 -2839.66928571 5433.50531746 -8.27317460317
 349
 sum_p: 349 -2830.96904762 5585.69761905 -8.41666666667
 350
 sum_p: 350 -2823.17380952 5633.81031746 -8.45698412698
 351
 sum_p: 351 -2846.52619048 5663.31507937 -8.50984126984
 352
 sum_p: 352 -2817.82531746 5584.31753968 -8.40214285714
 353
 sum_p: 353 -2829.07515873 5416.87722222 -8.24595238095
 354
 sum_p: 354 -2829.1934127 5839.21928571 -8.66841269841
 355
 sum_p: 355 -2826.62642857 5886.23071429 -8.71285714286
 356
 sum_p: 356 -2826.28452381 5543.87420635 -8.37015873016
 357
 sum_p: 357 -2829.01833333 5360.34674603 -8.18936507937
 358
 sum_p: 358 -2829.17214286 5572.25642857 -8.40142857143
 359
 sum_p: 359 -2823.64031746 5509.2168254 -8.33285714286
 360
 sum_p: 360 -2824.30626984 5757.99531746 -8.5823015873
 361
 sum_p: 361 -2825.0034127 5497.93309524 -8.32293650794
 362
 sum_p: 362 -2825.37325397 5623.43626984 -8.44880952381
 363
 sum_p: 363 -2827.71873016 5538.78920635 -8.36650793651
 364
 sum_p: 364 -2819.54412698 5723.31301587 -8.54285714286
 365
 sum_p: 365 -2811.55920635 5636.29793651 -8.44785714286
 366
 sum_p: 366 -2817.22952381 5685.94507937 -8.50317460317
 367
 sum_p: 367 -2813.72142857 5514.77063492 -8.32849206349
 368
 sum_p: 368 -2825.49404762 5475.69642857 -8.30119047619
 369
 sum_p: 369 -2796.29119048 5597.99452381 -8.39428571429
 370
 sum_p: 370 -2800.50611111 5370.12880952 -8.17063492063
 371
 sum_p: 371 -2805.63587302 5696.58634921 -8.50222222222
 372
 sum_p: 372 -2813.76349206 5523.3 -8.33706349206
 373
 sum_p: 373 -2804.74920635 5495.64761905 -8.3003968254
 374
 sum_p: 374 -2812.92079365 5660.80936508 -8.47373015873
 375
 sum_p: 375 -2800.11253968 5376.07793651 -8.17619047619
 376
 sum_p: 376 -2802.42238095 5563.84746032 -8.36626984127
 377
 sum_p: 377 -2791.60111111 5416.17666667 -8.20777777778
 378
 sum_p: 378 -2800.87174603 5729.60444444 -8.53047619048
 379
 sum_p: 379 -2786.14690476 5629.88484127 -8.41603174603
 380
 sum_p: 380 -2814.89777778 5447.95936508 -8.26285714286
 381
 sum_p: 381 -2801.49198413 5650.7302381 -8.45222222222
 382
 sum_p: 382 -2814.16412698 5542.58190476 -8.35674603175
 383
 sum_p: 383 -2802.56896825 5727.19293651 -8.52976190476
 384
 sum_p: 384 -2798.31619048 5528.90603175 -8.32722222222
 385
 sum_p: 385 -2793.86325397 5796.45420635 -8.59031746032
 386
 sum_p: 386 -2783.42968254 5544.98301587 -8.32841269841
 387
 sum_p: 387 -2804.08912698 5677.10134921 -8.48119047619
 388
 sum_p: 388 -2776.5252381 5707.99857143 -8.48452380952
 389
 sum_p: 389 -2769.25761905 5582.8852381 -8.35214285714
 390
 sum_p: 390 -2764.42833333 5523.19071429 -8.28761904762
 391
 sum_p: 391 -2768.94666667 5847.24380952 -8.61619047619
 392
 sum_p: 392 -2773.05071429 5603.21912698 -8.37626984127
 393
 sum_p: 393 -2759.29619048 5627.92603175 -8.38722222222
 394
 sum_p: 394 -2762.63880952 5667.99611111 -8.43063492063
 395
 sum_p: 395 -2766.15714286 5810.58888889 -8.57674603175
 396
 sum_p: 396 -2761.60611111 5526.8065873 -8.28841269841
 397
 sum_p: 397 -2771.78365079 5658.6131746 -8.4303968254
 398
 sum_p: 398 -2780.28793651 5982.48984127 -8.76277777778
 399
 sum_p: 399 -2764.76293651 5659.20531746 -8.42396825397
 400
 sum_p: 400 -2776.3331746 5571.3652381 -8.3476984127
 401
 sum_p: 401 -2776.91984127 5674.90555556 -8.45182539683
 402
 sum_p: 402 -2788.4152381 5624.99746032 -8.41341269841
 403
 sum_p: 403 -2785.34888889 5760.04793651 -8.5453968254
 404
 sum_p: 404 -2750.55539683 5841.11126984 -8.59166666667
 405
 sum_p: 405 -2765.37785714 5480.33642857 -8.24571428571
 406
 sum_p: 406 -2769.08849206 5553.21309524 -8.3223015873
 407
 sum_p: 407 -2769.58087302 5584.70484127 -8.35428571429
 408
 sum_p: 408 -2768.33690476 5528.88531746 -8.29722222222
 409
 sum_p: 409 -2758.19142857 5677.2847619 -8.43547619048
 410
 sum_p: 410 -2756.30880952 5561.07214286 -8.31738095238
 411
 sum_p: 411 -2765.93936508 5448.50507937 -8.21444444444
 412
 sum_p: 412 -2758.87277778 5681.84150794 -8.44071428571
 413
 sum_p: 413 -2751.0297619 5584.92261905 -8.33595238095
 414
 sum_p: 414 -2747.80539683 5691.63904762 -8.43944444444
 415
 sum_p: 415 -2744.42365079 5762.24301587 -8.50666666667
 416
 sum_p: 416 -2751.26619048 5555.79730159 -8.30706349206
 417
 sum_p: 417 -2756.71809524 5524.31365079 -8.28103174603
 418
 sum_p: 418 -2768.96730159 5540.55650794 -8.30952380952
 419
 sum_p: 419 -2750.77015873 5454.94412698 -8.20571428571
 420
 sum_p: 420 -2734.77928571 5698.55404762 -8.43333333333
 421
 sum_p: 421 -2739.05714286 5629.43492063 -8.36849206349
 422
 sum_p: 422 -2740.18365079 5661.56238095 -8.40174603175
 423
 sum_p: 423 -2764.3418254 5522.56293651 -8.2869047619
 424
 sum_p: 424 -2746.15309524 5643.29134921 -8.38944444444
 425
 sum_p: 425 -2738.61238095 5666.22888889 -8.40484126984
 426
 sum_p: 426 -2741.58063492 5679.92730159 -8.42150793651
 427
 sum_p: 427 -2758.96293651 5585.6402381 -8.3446031746
 428
 sum_p: 428 -2723.74801587 5658.63293651 -8.38238095238
 429
 sum_p: 429 -2733.43452381 5753.62896825 -8.48706349206
 430
 sum_p: 430 -2736.14015873 5724.25666667 -8.4603968254
 431
 sum_p: 431 -2728.80325397 5616.19674603 -8.345
 432
 sum_p: 432 -2736.7581746 5518.47992063 -8.25523809524
 433
 sum_p: 433 -2732.39261905 5696.49626984 -8.42888888889
 434
 sum_p: 434 -2734.41214286 5705.82595238 -8.44023809524
 435
 sum_p: 435 -2729.57460317 5556.77460317 -8.28634920635
 436
 sum_p: 436 -2728.96960317 5609.36373016 -8.33833333333
 437
 sum_p: 437 -2736.76666667 5633.70952381 -8.37047619048
 438
 sum_p: 438 -2731.63095238 5641.22619048 -8.37285714286
 439
 sum_p: 439 -2721.80992063 5629.69801587 -8.35150793651
 440
 sum_p: 440 -2720.59761905 5898.92619048 -8.61952380952
 441
 sum_p: 441 -2730.61777778 5601.12825397 -8.33174603175
 442
 sum_p: 442 -2724.30515873 5607.91706349 -8.33222222222
 443
 sum_p: 443 -2729.41357143 5933.68166667 -8.6630952381
 444
 sum_p: 444 -2711.42460317 5896.43253968 -8.60785714286
 445
 sum_p: 445 -2738.05333333 5691.94666667 -8.43
 446
 sum_p: 446 -2729.63238095 5782.11365079 -8.51174603175
 447
 sum_p: 447 -2734.61484127 5873.00420635 -8.60761904762
 448
 sum_p: 448 -2729.94285714 5766.08888889 -8.49603174603
 449
 sum_p: 449 -2704.27698413 5682.23095238 -8.38650793651
 450
 sum_p: 450 -2729.12579365 5713.17579365 -8.4423015873
 451
 sum_p: 451 -2718.16126984 5697.55301587 -8.41571428571
 452
 sum_p: 452 -2712.36087302 6028.82960317 -8.74119047619
 453
 sum_p: 453 -2728.93134921 5719.16388889 -8.4480952381
 454
 sum_p: 454 -2724.59801587 5675.16388889 -8.39976190476
 455
 sum_p: 455 -2709.45857143 5774.03349206 -8.48349206349
 456
 sum_p: 456 -2718.23833333 5799.06325397 -8.5173015873
 457
 sum_p: 457 -2693.12690476 5900.52388889 -8.59365079365
 458
 sum_p: 458 -2708.42833333 5643.23833333 -8.35166666667
 459
 sum_p: 459 -2714.5068254 5760.4931746 -8.475
 460
 sum_p: 460 -2708.41436508 5674.20468254 -8.38261904762
 461
 sum_p: 461 -2707.39349206 5841.01920635 -8.54841269841
 462
 sum_p: 462 -2723.28769841 5643.2202381 -8.36650793651
 463
 sum_p: 463 -2715.90095238 5703.14666667 -8.41904761905
 464
 sum_p: 464 -2710.91626984 5909.08373016 -8.62
 465
 sum_p: 465 -2704.22626984 5580.29753968 -8.28452380952
 466
 sum_p: 466 -2727.75674603 5757.95753968 -8.48571428571
 467
 sum_p: 467 -2707.4552381 5698.89396825 -8.40634920635
 468
 sum_p: 468 -2713.73111111 5684.52285714 -8.39825396825
 469
 sum_p: 469 -2704.93626984 5660.06373016 -8.365
 470
 sum_p: 470 -2693.37547619 5831.62452381 -8.525
 471
 sum_p: 471 -2703.88650794 5618.17698413 -8.32206349206
 472
 sum_p: 472 -2703.26603175 5731.97206349 -8.43523809524
 473
 sum_p: 473 -2692.25222222 5910.92238095 -8.60317460317
 474
 sum_p: 474 -2718.80071429 5630.72309524 -8.34952380952
 475
 sum_p: 475 -2698.86547619 5660.57896825 -8.35944444444
 476
 sum_p: 476 -2708.28626984 5757.58674603 -8.46587301587
 477
 sum_p: 477 -2685.21365079 5848.19904762 -8.53341269841
 478
 sum_p: 478 -2678.84849206 5942.26261905 -8.62111111111
 479
 sum_p: 479 -2696.01071429 5610.02103175 -8.30603174603
 480
 sum_p: 480 -2692.17 5554.09984127 -8.24626984127
 481
 sum_p: 481 -2691.57912698 5729.05579365 -8.42063492063
 482
 sum_p: 482 -2703.14809524 5666.53444444 -8.36968253968
 483
 sum_p: 483 -2702.93928571 5645.94960317 -8.34888888889
 484
 sum_p: 484 -2706.24150794 5755.18706349 -8.46142857143
 485
 sum_p: 485 -2693.82571429 5691.33301587 -8.38515873016
 486
 sum_p: 486 -2700.67301587 5606.94603175 -8.30761904762
 487
 sum_p: 487 -2695.44634921 5724.95047619 -8.4203968254
 488
 sum_p: 488 -2703.20904762 5807.74333333 -8.51095238095
 489
 sum_p: 489 -2693.22825397 5613.91460317 -8.30714285714
 490
 sum_p: 490 -2710.70579365 5614.05611111 -8.32476190476
 491
 sum_p: 491 -2683.35515873 5685.93055556 -8.36928571429
 492
 sum_p: 492 -2678.16428571 5818.34365079 -8.49650793651
 493
 sum_p: 493 -2679.58071429 5813.11769841 -8.4926984127
 494
 sum_p: 494 -2694.5497619 5911.64071429 -8.60619047619
 495
 sum_p: 495 -2674.275 5568.89960317 -8.24317460317
 496
 sum_p: 496 -2674.06103175 5780.46277778 -8.45452380952
 497
 sum_p: 497 -2668.45079365 5781.54920635 -8.45
 498
 sum_p: 498 -2673.88285714 5516.03777778 -8.18992063492
 499
 sum_p: 499 -2673.12619048 5901.63571429 -8.57476190476
 500
 sum_p: 500 -2668.49222222 5518.49190476 -8.18698412698
 501
 sum_p: 501 -2678.3781746 5683.44722222 -8.36182539683
 502
 sum_p: 502 -2674.31206349 5596.40222222 -8.27071428571
 503
 sum_p: 503 -2667.33373016 5590.76150794 -8.2580952381
 504
 sum_p: 504 -2672.37111111 5457.70825397 -8.13007936508
 505
 sum_p: 505 -2651.51111111 5720.07619048 -8.37158730159
 506
 sum_p: 506 -2649.46214286 5616.01404762 -8.26547619048
 507
 sum_p: 507 -2681.0747619 5502.89349206 -8.18396825397
 508
 sum_p: 508 -2669.9052381 5583.66619048 -8.25357142857
 509
 sum_p: 509 -2667.5897619 5649.23563492 -8.31682539683
 510
 sum_p: 510 -2670.05150794 5866.13896825 -8.53619047619
 511
 sum_p: 511 -2676.80579365 5558.11484127 -8.23492063492
 512
 sum_p: 512 -2669.41603175 5710.58396825 -8.38
 513
 sum_p: 513 -2673.03349206 5679.34746032 -8.35238095238
 514
 sum_p: 514 -2667.32198413 5681.64626984 -8.34896825397
 515
 sum_p: 515 -2670.26238095 5647.11857143 -8.31738095238
 516
 sum_p: 516 -2674.74952381 5775.80603175 -8.45055555556
 517
 sum_p: 517 -2672.98642857 5705.42626984 -8.37841269841
 518
 sum_p: 518 -2659.41388889 5759.31626984 -8.41873015873
 519
 sum_p: 519 -2656.37563492 5922.35452381 -8.57873015873
 520
 sum_p: 520 -2669.15349206 5943.94174603 -8.6130952381
 521
 sum_p: 521 -2646.70666667 5935.51555556 -8.58222222222
 522
 sum_p: 522 -2663.43571429 5645.85 -8.30928571429
 523
 sum_p: 523 -2647.08301587 5917.52015873 -8.5646031746
 524
 sum_p: 524 -2655.06301587 5753.03222222 -8.4080952381
 525
 sum_p: 525 -2651.30595238 5609.80515873 -8.26111111111
 526
 sum_p: 526 -2642.57230159 5678.69753968 -8.32126984127
 527
 sum_p: 527 -2640.57365079 5680.53746032 -8.32111111111
 528
 sum_p: 528 -2648.66761905 5621.25301587 -8.26992063492
 529
 sum_p: 529 -2620.89595238 5649.10404762 -8.27
 530
 sum_p: 530 -2643.70920635 5642.32253968 -8.28603174603
 531
 sum_p: 531 -2655.89746032 5607.1184127 -8.26301587302
 532
 sum_p: 532 -2637.20444444 5897.87492063 -8.53507936508
 533
 sum_p: 533 -2627.31134921 6024.75214286 -8.65206349206
 534
 sum_p: 534 -2623.41373016 5854.28468254 -8.4776984127
 535
 sum_p: 535 -2631.9334127 5927.59039683 -8.55952380952
 536
 sum_p: 536 -2626.20642857 5748.55547619 -8.37476190476
 537
 sum_p: 537 -2650.04968254 5751.61698413 -8.40166666667
 538
 sum_p: 538 -2623.32603175 5820.40412698 -8.44373015873
 539
 sum_p: 539 -2611.61611111 5727.74896825 -8.33936507937
 540
 sum_p: 540 -2614.33484127 5648.28420635 -8.26261904762
 541
 sum_p: 541 -2619.33198413 5693.44579365 -8.31277777778
 542
 sum_p: 542 -2618.08730159 5880.4047619 -8.49849206349
 543
 sum_p: 543 -2619.47420635 5844.1765873 -8.46365079365
 544
 sum_p: 544 -2612.15587302 5781.57428571 -8.39373015873
 545
 sum_p: 545 -2605.96484127 5724.43198413 -8.3303968254
 546
 sum_p: 546 -2616.64873016 5738.43063492 -8.35507936508
 547
 sum_p: 547 -2610.34063492 5815.92920635 -8.42626984127
 548
 sum_p: 548 -2626.85865079 5885.76039683 -8.51261904762
 549
 sum_p: 549 -2615.56992063 5878.23960317 -8.49380952381
 550
 sum_p: 550 -2611.57269841 6033.7447619 -8.64531746032
 551
 sum_p: 551 -2626.87722222 5738.83706349 -8.36571428571
 552
 sum_p: 552 -2623.43904762 5517.59269841 -8.14103174603
 553
 sum_p: 553 -2606.30968254 5878.29349206 -8.4846031746
 554
 sum_p: 554 -2601.4618254 5846.87150794 -8.44833333333
 555
 sum_p: 555 -2615.20904762 5740.5052381 -8.35571428571
 556
 sum_p: 556 -2599.96230159 5794.24404762 -8.39420634921
 557
 sum_p: 557 -2604.24444444 5841.15238095 -8.4453968254
 558
 sum_p: 558 -2601.6615873 5604.05269841 -8.20571428571
 559
 sum_p: 559 -2612.0097619 5804.26007937 -8.41626984127
 560
 sum_p: 560 -2581.45198413 5888.0718254 -8.46952380952
 561
 sum_p: 561 -2590.33809524 5798.94761905 -8.38928571429
 562
 sum_p: 562 -2593.16261905 5789.13896825 -8.3823015873
 563
 sum_p: 563 -2609.00285714 5707.7431746 -8.31674603175
 564
 sum_p: 564 -2592.43904762 5862.16412698 -8.4546031746
 565
 sum_p: 565 -2612.15865079 5834.58738095 -8.44674603175
 566
 sum_p: 566 -2595.77769841 5916.92071429 -8.5126984127
 567
 sum_p: 567 -2588.80904762 5930.95285714 -8.51976190476
 568
 sum_p: 568 -2595.75007937 5718.85309524 -8.3146031746
 569
 sum_p: 569 -2588.10738095 5949.51166667 -8.53761904762
 570
 sum_p: 570 -2595.59309524 5685.67674603 -8.28126984127
 571
 sum_p: 571 -2601.48142857 5693.12174603 -8.2946031746
 572
 sum_p: 572 -2591.11642857 5923.24865079 -8.51436507937
 573
 sum_p: 573 -2595.20357143 5700.19325397 -8.2953968254
 574
 sum_p: 574 -2600.21698413 5621.29095238 -8.22150793651
 575
 sum_p: 575 -2593.5231746 6076.95301587 -8.67047619048
 576
 sum_p: 576 -2599.95039683 5682.98611111 -8.28293650794
 577
 sum_p: 577 -2610.55563492 5739.68246032 -8.35023809524
 578
 sum_p: 578 -2598.76587302 5786.47222222 -8.38523809524
 579
 sum_p: 579 -2602.99103175 5807.16769841 -8.41015873016
 580
 sum_p: 580 -2585.63071429 5700.40103175 -8.28603174603
 581
 sum_p: 581 -2590.8597619 5740.33071429 -8.33119047619
 582
 sum_p: 582 -2586.79920635 5774.31190476 -8.36111111111
 583
 sum_p: 583 -2615.51753968 5885.99039683 -8.50150793651
 584
 sum_p: 584 -2599.42103175 5678.19801587 -8.27761904762
 585
 sum_p: 585 -2594.3034127 6091.0934127 -8.6853968254
 586
 sum_p: 586 -2597.76642857 5807.94785714 -8.40571428571
 587
 sum_p: 587 -2589.92 5810.71492063 -8.40063492063
 588
 sum_p: 588 -2579.43865079 6028.97404762 -8.60841269841
 589
 sum_p: 589 -2584.34388889 5686.92595238 -8.27126984127
 590
 sum_p: 590 -2576.76793651 5719.18444444 -8.29595238095
 591
 sum_p: 591 -2588.86198413 5942.1697619 -8.53103174603
 592
 sum_p: 592 -2576.92484127 5777.36087302 -8.35428571429
 593
 sum_p: 593 -2599.26611111 5851.36880952 -8.45063492063
 594
 sum_p: 594 -2580.92238095 6152.25222222 -8.73317460317
 595
 sum_p: 595 -2569.92753968 5739.3581746 -8.30928571429
 596
 sum_p: 596 -2583.92484127 5807.90055556 -8.39182539683
 597
 sum_p: 597 -2574.96150794 6052.5781746 -8.62753968254
 598
 sum_p: 598 -2580.8068254 5901.41539683 -8.48222222222
 599
 sum_p: 599 -2572.39333333 5946.25746032 -8.51865079365
 600
 sum_p: 600 -2578.3215873 5809.85301587 -8.38817460317
 601
 sum_p: 601 -2576.32119048 5877.17087302 -8.45349206349
 602
 sum_p: 602 -2564.26825397 5746.6047619 -8.31087301587
 603
 sum_p: 603 -2561.3181746 5930.42785714 -8.49174603175
 604
 sum_p: 604 -2568.91928571 5831.63626984 -8.40055555556
 605
 sum_p: 605 -2559.76857143 6089.59650794 -8.64936507937
 606
 sum_p: 606 -2562.81722222 5909.405 -8.47222222222
 607
 sum_p: 607 -2557.37674603 6017.54388889 -8.57492063492
 608
 sum_p: 608 -2564.80039683 5961.86626984 -8.52666666667
 609
 sum_p: 609 -2562.41571429 6051.07634921 -8.61349206349
 610
 sum_p: 610 -2569.09396825 5873.68380952 -8.44277777778
 611
 sum_p: 611 -2563.78222222 5705.02730159 -8.26880952381
 612
 sum_p: 612 -2543.14484127 5878.75992063 -8.4219047619
 613
 sum_p: 613 -2567.72087302 5909.26325397 -8.47698412698
 614
 sum_p: 614 -2560.50769841 5930.2065873 -8.49071428571
 615
 sum_p: 615 -2547.19952381 5819.78460317 -8.36698412698
 616
 sum_p: 616 -2564.1852381 5713.35444444 -8.27753968254
 617
 sum_p: 617 -2534.14690476 5952.04357143 -8.48619047619
 618
 sum_p: 618 -2538.06484127 5967.25261905 -8.50531746032
 619
 sum_p: 619 -2560.38388889 5711.28277778 -8.27166666667
 620
 sum_p: 620 -2554.38619048 5709.58206349 -8.26396825397
 621
 sum_p: 621 -2553.7518254 5776.80373016 -8.33055555556
 622
 sum_p: 622 -2543.48357143 5835.2465873 -8.37873015873
 623
 sum_p: 623 -2536.40865079 5952.79769841 -8.48920634921
 624
 sum_p: 624 -2558.28547619 5854.57166667 -8.41285714286
 625
 sum_p: 625 -2556.5765873 5876.1218254 -8.4326984127
 626
 sum_p: 626 -2550.09230159 5961.17753968 -8.51126984127
 627
 sum_p: 627 -2546.47849206 5655.34690476 -8.20182539683
 628
 sum_p: 628 -2550.69944444 5984.61801587 -8.53531746032
 629
 sum_p: 629 -2546.06674603 5911.23484127 -8.4573015873
 630
 sum_p: 630 -2534.07246032 6010.92753968 -8.545
 631
 sum_p: 631 -2540.77285714 6059.62396825 -8.6003968254
 632
 sum_p: 632 -2537.63936508 5720.45587302 -8.2580952381
 633
 sum_p: 633 -2534.4184127 5988.91492063 -8.52333333333
 634
 sum_p: 634 -2527.2465873 5776.48357143 -8.30373015873
 635
 sum_p: 635 -2540.02087302 6005.13785714 -8.54515873016
 636
 sum_p: 636 -2524.85333333 5854.19428571 -8.37904761905
 637
 sum_p: 637 -2520.01888889 5952.91761905 -8.47293650794
 638
 sum_p: 638 -2517.25984127 5774.24809524 -8.29150793651
 639
 sum_p: 639 -2540.40714286 5960.78333333 -8.50119047619
 640
 sum_p: 640 -2529.98730159 5812.23492063 -8.34222222222
 641
 sum_p: 641 -2522.80968254 5809.88873016 -8.3326984127
 642
 sum_p: 642 -2530.06253968 5807.7152381 -8.33777777778
 643
 sum_p: 643 -2517.35809524 5950.5784127 -8.46793650794
 644
 sum_p: 644 -2532.91746032 5898.11428571 -8.43103174603
 645
 sum_p: 645 -2512.85039683 5884.45119048 -8.3973015873
 646
 sum_p: 646 -2521.26579365 5975.40087302 -8.49666666667
 647
 sum_p: 647 -2509.29880952 6023.00277778 -8.5323015873
 648
 sum_p: 648 -2523.45460317 5881.06920635 -8.40452380952
 649
 sum_p: 649 -2524.59642857 5704.53055556 -8.22912698413
 650
 sum_p: 650 -2509.39515873 5855.52547619 -8.36492063492
 651
 sum_p: 651 -2518.64603175 6213.89365079 -8.73253968254
 652
 sum_p: 652 -2510.98785714 5804.56769841 -8.31555555556
 653
 sum_p: 653 -2504.5365873 5995.78087302 -8.50031746032
 654
 sum_p: 654 -2498.75055556 5837.67801587 -8.33642857143
 655
 sum_p: 655 -2503.76412698 5943.69619048 -8.44746031746
 656
 sum_p: 656 -2506.65912698 5949.53134921 -8.45619047619
 657
 sum_p: 657 -2493.73738095 5818.32611111 -8.31206349206
 658
 sum_p: 658 -2502.87769841 5719.02706349 -8.2219047619
 659
 sum_p: 659 -2505.07253968 5945.87984127 -8.45095238095
 660
 sum_p: 660 -2500.19142857 5841.63396825 -8.34182539683
 661
 sum_p: 661 -2495.63357143 6189.12833333 -8.68476190476
 662
 sum_p: 662 -2498.60198413 5940.68373016 -8.43928571429
 663
 sum_p: 663 -2510.87396825 5902.22126984 -8.4130952381
 664
 sum_p: 664 -2495.01634921 5975.38047619 -8.4703968254
 665
 sum_p: 665 -2499.3068254 5894.89952381 -8.39420634921
 666
 sum_p: 666 -2491.79634921 6115.82269841 -8.60761904762
 667
 sum_p: 667 -2504.64230159 6196.23071429 -8.70087301587
 668
 sum_p: 668 -2491.45531746 5994.41769841 -8.48587301587
 669
 sum_p: 669 -2500.27460317 5888.53492063 -8.38880952381
 670
 sum_p: 670 -2502.74174603 5728.6868254 -8.23142857143
 671
 sum_p: 671 -2479.23952381 6018.61761905 -8.49785714286
 672
 sum_p: 672 -2504.09 5962.97349206 -8.46706349206
 673
 sum_p: 673 -2497.52857143 6017.47142857 -8.515
 674
 sum_p: 674 -2499.6115873 5859.5947619 -8.35920634921
 675
 sum_p: 675 -2493.44611111 5946.87134921 -8.44031746032
 676
 sum_p: 676 -2477.9665873 6039.81119048 -8.51777777778
 677
 sum_p: 677 -2501.37579365 5935.68769841 -8.43706349206
 678
 sum_p: 678 -2489.33031746 6221.06650794 -8.7103968254
 679
 sum_p: 679 -2472.76825397 5845.64444444 -8.31841269841
 680
 sum_p: 680 -2477.50611111 5977.41452381 -8.45492063492
 681
 sum_p: 681 -2478.35277778 5699.0281746 -8.17738095238
 682
 sum_p: 682 -2470.92952381 5830.65777778 -8.30158730159
 683
 sum_p: 683 -2491.96992063 6006.7602381 -8.49873015873
 684
 sum_p: 684 -2472.24571429 6034.42095238 -8.50666666667
 685
 sum_p: 685 -2486.53349206 5914.73634921 -8.40126984127
 686
 sum_p: 686 -2500.66095238 5828.14857143 -8.32880952381
 687
 sum_p: 687 -2463.00706349 5915.40563492 -8.37841269841
 688
 sum_p: 688 -2482.80277778 5840.29246032 -8.3230952381
 689
 sum_p: 689 -2466.5197619 6013.24214286 -8.47976190476
 690
 sum_p: 690 -2480.32349206 5816.97809524 -8.2973015873
 691
 sum_p: 691 -2488.65626984 5983.8834127 -8.47253968254
 692
 sum_p: 692 -2490.65666667 5795.6131746 -8.28626984127
 693
 sum_p: 693 -2477.36896825 6025.4881746 -8.50285714286
 694
 sum_p: 694 -2473.79634921 5902.15603175 -8.37595238095
 695
 sum_p: 695 -2471.30412698 5793.7752381 -8.26507936508
 696
 sum_p: 696 -2479.08357143 5905.12277778 -8.38420634921
 697
 sum_p: 697 -2469.0181746 5911.53738095 -8.38055555556
 698
 sum_p: 698 -2459.69642857 5805.06547619 -8.26476190476
 699
 sum_p: 699 -2482.25230159 6025.60484127 -8.50785714286
 700
 sum_p: 700 -2459.94992063 6077.90722222 -8.53785714286
 701
 sum_p: 701 -2454.62126984 5815.37873016 -8.27
 702
 sum_p: 702 -2465.90325397 5839.81103175 -8.30571428571
 703
 sum_p: 703 -2485.605 5938.20452381 -8.42380952381
 704
 sum_p: 704 -2455.4502381 5974.5497619 -8.43
 705
 sum_p: 705 -2462.28928571 5907.79007937 -8.37007936508
 706
 sum_p: 706 -2479.17611111 6026.45880952 -8.50563492063
 707
 sum_p: 707 -2472.71849206 5909.26563492 -8.38198412698
 708
 sum_p: 708 -2458.30055556 5900.42960317 -8.35873015873
 709
 sum_p: 709 -2477.68380952 6012.71301587 -8.4903968254
 710
 sum_p: 710 -2461.95031746 5764.24015873 -8.22619047619
 711
 sum_p: 711 -2460.46373016 5953.74261905 -8.41420634921
 712
 sum_p: 712 -2453.58412698 6143.08253968 -8.59666666667
 713
 sum_p: 713 -2465.95055556 6005.71611111 -8.47166666667
 714
 sum_p: 714 -2459.48666667 5899.56095238 -8.35904761905
 715
 sum_p: 715 -2460.59492063 5915.4368254 -8.37603174603
 716
 sum_p: 716 -2465.15396825 5855.4015873 -8.32055555556
 717
 sum_p: 717 -2466.16111111 6107.48968254 -8.57365079365
 718
 sum_p: 718 -2463.70468254 5887.96198413 -8.35166666667
 719
 sum_p: 719 -2459.12634921 5882.61968254 -8.34174603175
 720
 sum_p: 720 -2460.67992063 5945.03436508 -8.40571428571
 721
 sum_p: 721 -2457.10960317 5881.69992063 -8.33880952381
 722
 sum_p: 722 -2447.66880952 5969.39468254 -8.41706349206
 723
 sum_p: 723 -2469.11468254 5779.93293651 -8.24904761905
 724
 sum_p: 724 -2477.41246032 5864.41293651 -8.34182539683
 725
 sum_p: 725 -2465.12880952 5827.88706349 -8.29301587302
 726
 sum_p: 726 -2462.35968254 5884.7831746 -8.34714285714
 727
 sum_p: 727 -2447.93103175 5982.86261905 -8.43079365079
 728
 sum_p: 728 -2466.49293651 5949.69753968 -8.41619047619
 729
 sum_p: 729 -2454.30222222 5862.92 -8.31722222222
 730
 sum_p: 730 -2436.46793651 5822.50031746 -8.25896825397
 731
 sum_p: 731 -2460.43595238 6011.5481746 -8.47198412698
 732
 sum_p: 732 -2441.82 6005.64031746 -8.44746031746
 733
 sum_p: 733 -2449.13230159 5811.89944444 -8.26103174603
 734
 sum_p: 734 -2461.81 5983.26936508 -8.44507936508
 735
 sum_p: 735 -2461.02198413 6080.64468254 -8.54166666667
 736
 sum_p: 736 -2452.96595238 5812.35150794 -8.26531746032
 737
 sum_p: 737 -2450.70706349 5913.89611111 -8.3646031746
 738
 sum_p: 738 -2467.99428571 5890.89460317 -8.35888888889
 739
 sum_p: 739 -2447.87849206 6079.34373016 -8.52722222222
 740
 sum_p: 740 -2437.95214286 5909.19071429 -8.34714285714
 741
 sum_p: 741 -2446.61412698 6066.71920635 -8.51333333333
 742
 sum_p: 742 -2444.42888889 5901.7615873 -8.34619047619
 743
 sum_p: 743 -2467.30785714 6052.69214286 -8.52
 744
 sum_p: 744 -2440.83753968 5784.63865079 -8.22547619048
 745
 sum_p: 745 -2446.18746032 5927.93952381 -8.37412698413
 746
 sum_p: 746 -2441.24246032 5955.90039683 -8.39714285714
 747
 sum_p: 747 -2447.21484127 6089.4518254 -8.53666666667
 748
 sum_p: 748 -2432.64833333 5691.24055556 -8.12388888889
 749
 sum_p: 749 -2433.76206349 5945.60301587 -8.37936507937
 750
 sum_p: 750 -2453.38698413 5941.85111111 -8.39523809524
 751
 sum_p: 751 -2431.65920635 6096.43603175 -8.5280952381
 752
 sum_p: 752 -2439.7984127 5984.64603175 -8.42444444444
 753
 sum_p: 753 -2442.73992063 5963.68865079 -8.40642857143
 754
 sum_p: 754 -2448.3731746 5931.38873016 -8.37976190476
 755
 sum_p: 755 -2421.28444444 6198.71555556 -8.62
 756
 sum_p: 756 -2426.06079365 5897.82809524 -8.32388888889
 757
 sum_p: 757 -2431.16857143 5943.59333333 -8.37476190476
 758
 sum_p: 758 -2436.49095238 5747.63603175 -8.18412698413
 759
 sum_p: 759 -2428.27936508 6109.57777778 -8.53785714286
 760
 sum_p: 760 -2419.46396825 5892.67888889 -8.31214285714
 761
 sum_p: 761 -2438.60365079 6064.4915873 -8.5030952381
 762
 sum_p: 762 -2426.0784127 5920.66761905 -8.34674603175
 763
 sum_p: 763 -2412.73833333 5928.84896825 -8.34158730159
 764
 sum_p: 764 -2430.11761905 6095.59666667 -8.52571428571
 765
 sum_p: 765 -2431.01825397 5913.02936508 -8.34404761905
 766
 sum_p: 766 -2440.67571429 5854.87984127 -8.29555555556
 767
 sum_p: 767 -2418.68357143 6212.3481746 -8.63103174603
 768
 sum_p: 768 -2434.14269841 5920.46047619 -8.3546031746
 769
 sum_p: 769 -2411.25238095 6194.46190476 -8.60571428571
 770
 sum_p: 770 -2420.33904762 6061.08952381 -8.48142857143
 771
 sum_p: 771 -2418.215 6066.62626984 -8.48484126984
 772
 sum_p: 772 -2426.26484127 6080.16373016 -8.50642857143
 773
 sum_p: 773 -2425.09095238 5959.1947619 -8.38428571429
 774
 sum_p: 774 -2413.18690476 5806.65436508 -8.21984126984
 775
 sum_p: 775 -2416.20738095 6075.45928571 -8.49166666667
 776
 sum_p: 776 -2413.84087302 5928.54007937 -8.34238095238
 777
 sum_p: 777 -2412.04460317 5816.44746032 -8.22849206349
 778
 sum_p: 778 -2414.92166667 6094.36404762 -8.50928571429
 779
 sum_p: 779 -2408.48944444 5908.33595238 -8.31682539683
 780
 sum_p: 780 -2412.83555556 6018.83111111 -8.43166666667
 781
 sum_p: 781 -2423.74087302 6079.59246032 -8.50333333333
 782
 sum_p: 782 -2406.3465873 6036.43119048 -8.44277777778
 783
 sum_p: 783 -2423.27428571 5876.72571429 -8.3
 784
 sum_p: 784 -2414.32444444 5936.38984127 -8.35071428571
 785
 sum_p: 785 -2409.05944444 6222.84531746 -8.6319047619
 786
 sum_p: 786 -2424.14198413 5964.985 -8.38912698413
 787
 sum_p: 787 -2405.87103175 5993.33531746 -8.39920634921
 788
 sum_p: 788 -2409.59428571 6043.50095238 -8.4530952381
 789
 sum_p: 789 -2406.75166667 5864.915 -8.27166666667
 790
 sum_p: 790 -2396.80769841 5899.3034127 -8.29611111111
 791
 sum_p: 791 -2402.44642857 5870.88690476 -8.27333333333
 792
 sum_p: 792 -2411.09246032 5774.14563492 -8.18523809524
 793
 sum_p: 793 -2414.10801587 5922.95547619 -8.33706349206
 794
 sum_p: 794 -2408.95920635 5875.00904762 -8.28396825397
 795
 sum_p: 795 -2406.7465873 5926.26928571 -8.33301587302
 796
 sum_p: 796 -2406.80968254 6054.53952381 -8.46134920635
 797
 sum_p: 797 -2420.79388889 6175.3965873 -8.59619047619
 798
 sum_p: 798 -2401.85285714 5901.00428571 -8.30285714286
 799
 sum_p: 799 -2412.66571429 5792.17555556 -8.20484126984
 800
 sum_p: 800 -2398.70880952 5963.27531746 -8.36198412698
 801
 sum_p: 801 -2407.53690476 6150.08214286 -8.55761904762
 802
 sum_p: 802 -2391.35468254 5958.64531746 -8.35
 803
 sum_p: 803 -2406.92087302 5957.04738095 -8.36396825397
 804
 sum_p: 804 -2415.41253968 6047.76206349 -8.46317460317
 805
 sum_p: 805 -2404.71460317 6014.80920635 -8.41952380952
 806
 sum_p: 806 -2392.38095238 6102.93650794 -8.49531746032
 807
 sum_p: 807 -2405.16666667 5910.86507937 -8.31603174603
 808
 sum_p: 808 -2384.05484127 6017.6118254 -8.40166666667
 809
 sum_p: 809 -2380.8068254 6331.97095238 -8.71277777778
 810
 sum_p: 810 -2398.68666667 6103.29746032 -8.50198412698
 811
 sum_p: 811 -2383.70833333 5847.08531746 -8.23079365079
 812
 sum_p: 812 -2408.42293651 6207.45007937 -8.61587301587
 813
 sum_p: 813 -2405.15634921 6247.85952381 -8.65301587302
 814
 sum_p: 814 -2377.78738095 5920.78404762 -8.29857142857
 815
 sum_p: 815 -2400.5284127 5960.42396825 -8.36095238095
 816
 sum_p: 816 -2397.33984127 6148.21571429 -8.54555555556
 817
 sum_p: 817 -2382.66753968 5882.80865079 -8.26547619048
 818
 sum_p: 818 -2391.70436508 6029.40674603 -8.42111111111
 819
 sum_p: 819 -2399.4147619 6025.10904762 -8.42452380952
 820
 sum_p: 820 -2388.18873016 5986.17634921 -8.37436507937
 821
 sum_p: 821 -2407.37809524 6011.35206349 -8.41873015873
 822
 sum_p: 822 -2401.03079365 6032.77873016 -8.43380952381
 823
 sum_p: 823 -2404.64119048 6223.69214286 -8.62833333333
 824
 sum_p: 824 -2396.99809524 5912.12888889 -8.30912698413
 825
 sum_p: 825 -2398.12984127 5832.18761905 -8.23031746032
 826
 sum_p: 826 -2391.03920635 6008.64333333 -8.39968253968
 827
 sum_p: 827 -2387.85436508 5858.01865079 -8.24587301587
 828
 sum_p: 828 -2401.68412698 6010.93492063 -8.41261904762
 829
 sum_p: 829 -2400.60007937 5946.62214286 -8.34722222222
 830
 sum_p: 830 -2391.45230159 6089.7381746 -8.48119047619
 831
 sum_p: 831 -2384.07365079 5989.25968254 -8.37333333333
 832
 sum_p: 832 -2396.16253968 5979.86920635 -8.37603174603
 833
 sum_p: 833 -2400.80087302 6112.69119048 -8.51349206349
 834
 sum_p: 834 -2408.18722222 5951.57468254 -8.35976190476
 835
 sum_p: 835 -2418.92611111 6009.56595238 -8.42849206349
 836
 sum_p: 836 -2395.6134127 6067.4818254 -8.4630952381
 837
 sum_p: 837 -2398.63015873 5891.92539683 -8.29055555556
 838
 sum_p: 838 -2400.55888889 5961.74269841 -8.3623015873
 839
 sum_p: 839 -2395.84571429 6090.82095238 -8.48666666667
 840
 sum_p: 840 -2386.73166667 5845.3318254 -8.23206349206
 841
 sum_p: 841 -2386.92642857 5950.69261905 -8.33761904762
 842
 sum_p: 842 -2390.44261905 5843.52563492 -8.23396825397
 843
 sum_p: 843 -2399.59277778 5982.94690476 -8.38253968254
 844
 sum_p: 844 -2400.50349206 5967.90920635 -8.36841269841
 845
 sum_p: 845 -2398.46674603 6072.72373016 -8.47119047619
 846
 sum_p: 846 -2398.0997619 6142.85261905 -8.54095238095
 847
 sum_p: 847 -2392.72071429 6091.565 -8.48428571429
 848
 sum_p: 848 -2395.72515873 6082.68753968 -8.47841269841
 849
 sum_p: 849 -2396.66563492 5964.28674603 -8.36095238095
 850
 sum_p: 850 -2397.40420635 6011.88150794 -8.40928571429
 851
 sum_p: 851 -2412.97769841 6071.94293651 -8.48492063492
 852
 sum_p: 852 -2392.52595238 6196.68039683 -8.58920634921
 853
 sum_p: 853 -2392.86880952 6098.32166667 -8.49119047619
 854
 sum_p: 854 -2395.13460317 5961.84952381 -8.35698412698
 855
 sum_p: 855 -2407.04912698 6215.80801587 -8.62285714286
 856
 sum_p: 856 -2404.58539683 6106.68444444 -8.51126984127
 857
 sum_p: 857 -2381.27960317 6138.00611111 -8.51928571429
 858
 sum_p: 858 -2382.39650794 6161.01619048 -8.54341269841
 859
 sum_p: 859 -2373.88388889 5984.05261905 -8.35793650794
 860
 sum_p: 860 -2380.21103175 5910.58261905 -8.29079365079
 861
 sum_p: 861 -2386.91507937 6176.81507937 -8.56373015873
 862
 sum_p: 862 -2399.33206349 5999.00126984 -8.39833333333
 863
 sum_p: 863 -2382.77936508 6052.77619048 -8.43555555556
 864
 sum_p: 864 -2370.55063492 6135.16365079 -8.50571428571
 865
 sum_p: 865 -2389.51595238 5840.40468254 -8.22992063492
 866
 sum_p: 866 -2372.85666667 6052.61952381 -8.42547619048
 867
 sum_p: 867 -2385.23896825 5900.95150794 -8.28619047619
 868
 sum_p: 868 -2361.27936508 6070.62539683 -8.4319047619
 869
 sum_p: 869 -2378.89698413 6059.99190476 -8.43888888889
 870
 sum_p: 870 -2369.53801587 6261.09690476 -8.63063492063
 871
 sum_p: 871 -2372.22634921 5744.6784127 -8.1169047619
 872
 sum_p: 872 -2363.96984127 6065.47460317 -8.42944444444
 873
 sum_p: 873 -2369.7468254 6080.09444444 -8.44984126984
 874
 sum_p: 874 -2358.66698413 6109.26952381 -8.46793650794
 875
 sum_p: 875 -2365.74714286 5878.45920635 -8.24420634921
 876
 sum_p: 876 -2379.20166667 6112.8618254 -8.49206349206
 877
 sum_p: 877 -2363.13690476 6077.41865079 -8.44055555556
 878
 sum_p: 878 -2370.71134921 6150.95531746 -8.52166666667
 879
 sum_p: 879 -2363.82269841 6060.22492063 -8.42404761905
 880
 sum_p: 880 -2377.82912698 6034.23436508 -8.41206349206
 881
 sum_p: 881 -2363.50849206 5972.12642857 -8.33563492063
 882
 sum_p: 882 -2369.60055556 6110.71690476 -8.48031746032
 883
 sum_p: 883 -2367.84984127 6232.78507937 -8.60063492063
 884
 sum_p: 884 -2373.32150794 5951.20230159 -8.32452380952
 885
 sum_p: 885 -2373.3634127 6077.98579365 -8.45134920635
 886
 sum_p: 886 -2389.16690476 6230.91246032 -8.62007936508
 887
 sum_p: 887 -2370.36309524 6082.9702381 -8.45333333333
 888
 sum_p: 888 -2362.43285714 6145.1068254 -8.50753968254
 889
 sum_p: 889 -2348.58007937 6218.64214286 -8.56722222222
 890
 sum_p: 890 -2358.57920635 6066.81761905 -8.4253968254
 891
 sum_p: 891 -2346.55031746 5997.8147619 -8.34436507937
 892
 sum_p: 892 -2354.83261905 6066.35785714 -8.42119047619
 893
 sum_p: 893 -2356.84404762 6119.34642857 -8.47619047619
 894
 sum_p: 894 -2370.43325397 6256.31277778 -8.62674603175
 895
 sum_p: 895 -2352.25571429 5976.31571429 -8.32857142857
 896
 sum_p: 896 -2349.40611111 6047.26055556 -8.39666666667
 897
 sum_p: 897 -2344.77 6080.70619048 -8.42547619048
 898
 sum_p: 898 -2352.24396825 5929.42269841 -8.28166666667
 899
 sum_p: 899 -2355.35880952 5951.94277778 -8.3073015873
 900
 sum_p: 900 -2350.42936508 6138.45952381 -8.48888888889
 901
 sum_p: 901 -2341.49563492 6103.10753968 -8.4446031746
 902
 sum_p: 902 -2350.14142857 6183.74746032 -8.53388888889
 903
 sum_p: 903 -2342.74134921 6131.14753968 -8.47388888889
 904
 sum_p: 904 -2323.03563492 6147.83738095 -8.47087301587
 905
 sum_p: 905 -2351.08111111 6035.10936508 -8.38619047619
 906
 sum_p: 906 -2345.51690476 5910.59420635 -8.25611111111
 907
 sum_p: 907 -2327.32666667 6212.67333333 -8.54
 908
 sum_p: 908 -2353.22277778 6019.87246032 -8.3730952381
 909
 sum_p: 909 -2354.37357143 6017.68992063 -8.37206349206
 910
 sum_p: 910 -2342.09722222 6059.09325397 -8.40119047619
 911
 sum_p: 911 -2329.49277778 6045.26912698 -8.37476190476
 912
 sum_p: 912 -2345.06126984 5979.46253968 -8.32452380952
 913
 sum_p: 913 -2331.63960317 6215.02706349 -8.54666666667
 914
 sum_p: 914 -2334.43047619 6132.07746032 -8.46650793651
 915
 sum_p: 915 -2332.73865079 6087.57880952 -8.42031746032
 916
 sum_p: 916 -2336.61579365 6111.16198413 -8.44777777778
 917
 sum_p: 917 -2324.77619048 6060.93809524 -8.38571428571
 918
 sum_p: 918 -2322.25690476 6059.64785714 -8.3819047619
 919
 sum_p: 919 -2324.86547619 6308.2297619 -8.6330952381
 920
 sum_p: 920 -2329.18849206 6167.4781746 -8.49666666667
 921
 sum_p: 921 -2326.66039683 6031.11738095 -8.35777777778
 922
 sum_p: 922 -2318.94674603 6106.13261905 -8.42507936508
 923
 sum_p: 923 -2326.96603175 6174.46253968 -8.50142857143
 924
 sum_p: 924 -2305.17198413 6329.03436508 -8.63420634921
 925
 sum_p: 925 -2320.07650794 6149.7647619 -8.46984126984
 926
 sum_p: 926 -2318.55150794 6054.30563492 -8.37285714286
 927
 sum_p: 927 -2315.24119048 6180.6318254 -8.49587301587
 928
 sum_p: 928 -2318.02190476 6234.59714286 -8.55261904762
 929
 sum_p: 929 -2319.56873016 6258.52650794 -8.5780952381
 930
 sum_p: 930 -2305.13563492 6280.41992063 -8.58555555556
 931
 sum_p: 931 -2313.59198413 6102.28103175 -8.41587301587
 932
 sum_p: 932 -2320.86960317 6001.35261905 -8.32222222222
 933
 sum_p: 933 -2318.97563492 5985.70690476 -8.30468253968
 934
 sum_p: 934 -2297.45531746 6026.59230159 -8.32404761905
 935
 sum_p: 935 -2297.10849206 5955.98674603 -8.2530952381
 936
 sum_p: 936 -2309.66920635 6294.53714286 -8.60420634921
 937
 sum_p: 937 -2300.6197619 6258.11039683 -8.55873015873
 938
 sum_p: 938 -2305.77746032 6167.79396825 -8.47357142857
 939
 sum_p: 939 -2290.095 6098.87325397 -8.38896825397
 940
 sum_p: 940 -2305.20277778 6046.86071429 -8.35206349206
 941
 sum_p: 941 -2293.85388889 6085.4318254 -8.37928571429
 942
 sum_p: 942 -2309.78992063 5960.13071429 -8.26992063492
 943
 sum_p: 943 -2285.7997619 5991.97801587 -8.27777777778
 944
 sum_p: 944 -2315.86269841 6105.08968254 -8.42095238095
 945
 sum_p: 945 -2309.17301587 6113.6047619 -8.42277777778
 946
 sum_p: 946 -2285.60087302 6090.58960317 -8.37619047619
 947
 sum_p: 947 -2294.52404762 6134.9997619 -8.42952380952
 948
 sum_p: 948 -2308.2102381 6137.1865873 -8.4453968254
 949
 sum_p: 949 -2302.1981746 6104.23039683 -8.40642857143
 950
 sum_p: 950 -2320.06285714 6068.34984127 -8.38841269841
 951
 sum_p: 951 -2298.94373016 6076.215 -8.37515873016
 952
 sum_p: 952 -2302.59039683 6188.12388889 -8.49071428571
 953
 sum_p: 953 -2311.3481746 6041.50896825 -8.35285714286
 954
 sum_p: 954 -2306.48809524 6012.79761905 -8.31928571429
 955
 sum_p: 955 -2299.13079365 6016.90095238 -8.31603174603
 956
 sum_p: 956 -2304.98277778 6213.11246032 -8.5180952381
 957
 sum_p: 957 -2314.9131746 6018.02333333 -8.33293650794
 958
 sum_p: 958 -2296.8031746 6237.95873016 -8.53476190476
 959
 sum_p: 959 -2322.82309524 6191.46261905 -8.51428571429
 960
 sum_p: 960 -2318.52912698 6042.74071429 -8.36126984127
 961
 sum_p: 961 -2320.22349206 5993.18920635 -8.31341269841
 962
 sum_p: 962 -2315.62166667 6012.71166667 -8.32833333333
 963
 sum_p: 963 -2316.24436508 6030.89849206 -8.34714285714
 964
 sum_p: 964 -2325.34301587 6123.86333333 -8.44920634921
 965
 sum_p: 965 -2309.84714286 6005.15285714 -8.315
 966
 sum_p: 966 -2309.5697619 6285.98579365 -8.59555555556
 967
 sum_p: 967 -2315.67865079 5954.16261905 -8.26984126984
 968
 sum_p: 968 -2315.59539683 6233.37285714 -8.54896825397
 969
 sum_p: 969 -2298.5334127 6044.95865079 -8.34349206349
 970
 sum_p: 970 -2302.38222222 6589.04634921 -8.89142857143
 971
 sum_p: 971 -2303.73936508 5964.11777778 -8.26785714286
 972
 sum_p: 972 -2312.8534127 6074.76563492 -8.38761904762
 973
 sum_p: 973 -2311.58230159 6421.75103175 -8.73333333333
 974
 sum_p: 974 -2300.68928571 6320.97738095 -8.62166666667
 975
 sum_p: 975 -2314.83174603 6336.83492063 -8.65166666667
 976
 sum_p: 976 -2295.23420635 6146.82928571 -8.44206349206
 977
 sum_p: 977 -2297.96214286 6153.86325397 -8.45182539683
 978
 sum_p: 978 -2304.55468254 6079.8897619 -8.38444444444
 979
 sum_p: 979 -2302.90730159 5926.53714286 -8.22944444444
 980
 sum_p: 980 -2297.45896825 6155.71563492 -8.45317460317
 981
 sum_p: 981 -2304.22420635 6127.68055556 -8.4319047619
 982
 sum_p: 982 -2303.87936508 6000.88253968 -8.30476190476
 983
 sum_p: 983 -2315.47825397 6309.28365079 -8.62476190476
 984
 sum_p: 984 -2295.2068254 5855.5868254 -8.15079365079
 985
 sum_p: 985 -2314.85126984 6198.40269841 -8.51325396825
 986
 sum_p: 986 -2307.40404762 6117.59595238 -8.425
 987
 sum_p: 987 -2290.85936508 6217.23587302 -8.5080952381
 988
 sum_p: 988 -2311.67777778 6152.52857143 -8.46420634921
 989
 sum_p: 989 -2304.71261905 5976.2397619 -8.28095238095
 990
 sum_p: 990 -2287.91912698 5877.47769841 -8.1653968254
 991
 sum_p: 991 -2297.42738095 6206.69960317 -8.50412698413
 992
 sum_p: 992 -2304.46825397 6336.48412698 -8.64095238095
 993
 sum_p: 993 -2295.68912698 6268.83468254 -8.56452380952
 994
 sum_p: 994 -2309.5715873 6089.87285714 -8.39944444444
 995
 sum_p: 995 -2308.03015873 6164.03333333 -8.47206349206
 996
 sum_p: 996 -2295.82055556 6161.79849206 -8.45761904762
 997
 sum_p: 997 -2302.70547619 6156.50087302 -8.45920634921
 998
 sum_p: 998 -2291.39404762 5988.05039683 -8.27944444444
 999
 sum_p: 999 -2299.53722222 6203.79611111 -8.50333333333
 1000
 sum_p: 1000 -2297.30888889 5904.35777778 -8.20166666667
 1001
 sum_p: 1001 -2288.54563492 6062.88293651 -8.35142857143
 1002
 sum_p: 1002 -2284.85365079 6258.47968254 -8.54333333333
 1003
 sum_p: 1003 -2268.38642857 6134.55007937 -8.40293650794
 1004
 sum_p: 1004 -2296.3681746 6176.80642857 -8.47317460317
 1005
 sum_p: 1005 -2287.96150794 5897.75277778 -8.18571428571
 1006
 sum_p: 1006 -2286.75563492 6239.43484127 -8.52619047619
 1007
 sum_p: 1007 -2273.9115873 6219.18365079 -8.4930952381
 1008
 sum_p: 1008 -2285.1968254 6028.2952381 -8.31349206349
 1009
 sum_p: 1009 -2256.89873016 6275.64095238 -8.53253968254
 1010
 sum_p: 1010 -2273.51984127 6241.48015873 -8.515
 1011
 sum_p: 1011 -2288.38190476 6033.60222222 -8.32198412698
 1012
 sum_p: 1012 -2298.55373016 6004.06531746 -8.30261904762
 1013
 sum_p: 1013 -2276.89285714 6163.82142857 -8.44071428571
 1014
 sum_p: 1014 -2285.59388889 6108.6918254 -8.39428571429
 1015
 sum_p: 1015 -2278.09380952 6260.63634921 -8.53873015873
 1016
 sum_p: 1016 -2288.32753968 5984.13277778 -8.27246031746
 1017
 sum_p: 1017 -2270.26880952 6278.22325397 -8.54849206349
 1018
 sum_p: 1018 -2274.83396825 6042.15015873 -8.31698412698
 1019
 sum_p: 1019 -2280.94928571 5911.82849206 -8.19277777778
 1020
 sum_p: 1020 -2275.9565873 6169.12277778 -8.44507936508
 1021
 sum_p: 1021 -2282.55380952 5966.01761905 -8.24857142857
 1022
 sum_p: 1022 -2279.80492063 6091.86174603 -8.37166666667
 1023
 sum_p: 1023 -2284.64095238 6303.1368254 -8.58777777778
 1024
 sum_p: 1024 -2287.75880952 6057.24119048 -8.345
 1025
 sum_p: 1025 -2277.50531746 6169.79626984 -8.4473015873
 1026
 sum_p: 1026 -2275.8218254 6135.36865079 -8.41119047619
 1027
 sum_p: 1027 -2273.12714286 6007.34904762 -8.28047619048
 1028
 sum_p: 1028 -2272.58444444 6299.1615873 -8.57174603175
 1029
 sum_p: 1029 -2271.14015873 6157.82809524 -8.42896825397
 1030
 sum_p: 1030 -2267.88619048 6147.43126984 -8.41531746032
 1031
 sum_p: 1031 -2286.15531746 6238.44785714 -8.5246031746
 1032
 sum_p: 1032 -2285.38269841 6037.87126984 -8.32325396825
 1033
 sum_p: 1033 -2274.52174603 6248.97031746 -8.52349206349
 1034
 sum_p: 1034 -2275.37436508 6152.4034127 -8.42777777778
 1035
 sum_p: 1035 -2261.62984127 6110.11619048 -8.37174603175
 1036
 sum_p: 1036 -2257.61452381 5951.03626984 -8.20865079365
 1037
 sum_p: 1037 -2267.96984127 5954.41111111 -8.22238095238
 1038
 sum_p: 1038 -2273.89452381 6142.2165873 -8.41611111111
 1039
 sum_p: 1039 -2266.93206349 6324.17904762 -8.59111111111
 1040
 sum_p: 1040 -2272.00404762 6050.37690476 -8.32238095238
 1041
 sum_p: 1041 -2264.37142857 6189.51746032 -8.45388888889
 1042
 sum_p: 1042 -2271.1152381 6178.80539683 -8.44992063492
 1043
 sum_p: 1043 -2261.37619048 6097.90952381 -8.35928571429
 1044
 sum_p: 1044 -2259.98166667 6086.20880952 -8.34619047619
 1045
 sum_p: 1045 -2268.75063492 5896.24936508 -8.165
 1046
 sum_p: 1046 -2255.54984127 6224.76761905 -8.48031746032
 1047
 sum_p: 1047 -2253.99293651 6036.88007937 -8.29087301587
 1048
 sum_p: 1048 -2278.07246032 6008.11801587 -8.28619047619
 1049
 sum_p: 1049 -2264.35468254 6136.83579365 -8.40119047619
 1050
 sum_p: 1050 -2263.38944444 6179.70579365 -8.4430952381
 1051
 sum_p: 1051 -2249.29452381 6477.37214286 -8.72666666667
 1052
 sum_p: 1052 -2250.69134921 6255.73722222 -8.50642857143
 1053
 sum_p: 1053 -2239.165 6055.835 -8.295
 1054
 sum_p: 1054 -2254.31468254 6006.55833333 -8.26087301587
 1055
 sum_p: 1055 -2240.90833333 6180.28214286 -8.42119047619
 1056
 sum_p: 1056 -2242.30119048 6126.50833333 -8.36880952381
 1057
 sum_p: 1057 -2242.39896825 6296.80738095 -8.53920634921
 1058
 sum_p: 1058 -2225.95674603 6151.50357143 -8.37746031746
 1059
 sum_p: 1059 -2253.03698413 6251.96301587 -8.505
 1060
 sum_p: 1060 -2249.89103175 6034.87087302 -8.28476190476
 1061
 sum_p: 1061 -2236.39849206 6097.41103175 -8.33380952381
 1062
 sum_p: 1062 -2248.99365079 5996.56190476 -8.24555555556
 1063
 sum_p: 1063 -2231.88611111 6272.95515873 -8.50484126984
 1064
 sum_p: 1064 -2261.42444444 5873.02 -8.13444444444
 1065
 sum_p: 1065 -2237.02904762 5986.46301587 -8.22349206349
 1066
 sum_p: 1066 -2248.86293651 6384.23230159 -8.6330952381
 1067
 sum_p: 1067 -2242.96055556 6227.03944444 -8.47
 1068
 sum_p: 1068 -2244.67039683 6447.5518254 -8.69222222222
 1069
 sum_p: 1069 -2270.39142857 6079.21174603 -8.3496031746
 1070
 sum_p: 1070 -2254.08865079 6271.22880952 -8.52531746032
 1071
 sum_p: 1071 -2253.73761905 6162.53222222 -8.41626984127
 1072
 sum_p: 1072 -2233.02785714 6122.28960317 -8.35531746032
 1073
 sum_p: 1073 -2250.25166667 6193.87531746 -8.44412698413
 1074
 sum_p: 1074 -2253.14531746 6227.72769841 -8.48087301587
 1075
 sum_p: 1075 -2253.97349206 6104.67730159 -8.35865079365
 1076
 sum_p: 1076 -2240.91285714 6126.07126984 -8.36698412698
 1077
 sum_p: 1077 -2244.39460317 6229.57365079 -8.47396825397
 1078
 sum_p: 1078 -2249.7647619 6162.45746032 -8.41222222222
 1079
 sum_p: 1079 -2236.64214286 6227.24674603 -8.46388888889
 1080
 sum_p: 1080 -2250.50269841 6206.64015873 -8.45714285714
 1081
 sum_p: 1081 -2240.73555556 6118.15333333 -8.35888888889
 1082
 sum_p: 1082 -2253.2918254 6049.24785714 -8.30253968254
 1083
 sum_p: 1083 -2233.04428571 6254.25730159 -8.4873015873
 1084
 sum_p: 1084 -2236.9497619 6282.41531746 -8.51936507937
 1085
 sum_p: 1085 -2243.07373016 6228.19611111 -8.47126984127
 1086
 sum_p: 1086 -2240.31547619 5978.89087302 -8.21920634921
 1087
 sum_p: 1087 -2257.67730159 6165.65603175 -8.42333333333
 1088
 sum_p: 1088 -2233.11952381 6336.88047619 -8.57
 1089
 sum_p: 1089 -2236.92888889 6178.8647619 -8.41579365079
 1090
 sum_p: 1090 -2233.68904762 6107.0252381 -8.34071428571
 1091
 sum_p: 1091 -2238.65603175 6391.34396825 -8.63
 1092
 sum_p: 1092 -2230.50214286 6184.10103175 -8.4146031746
 1093
 sum_p: 1093 -2243.14039683 6320.66912698 -8.56380952381
 1094
 sum_p: 1094 -2219.89984127 5987.71920635 -8.20761904762
 1095
 sum_p: 1095 -2227.52142857 6056.76428571 -8.28428571429
 1096
 sum_p: 1096 -2222.47174603 6318.32190476 -8.54079365079
 1097
 sum_p: 1097 -2236.69928571 6157.90388889 -8.3946031746
 1098
 sum_p: 1098 -2242.3668254 6046.52206349 -8.28888888889
 1099
 sum_p: 1099 -2221.73119048 6339.37992063 -8.56111111111
 1100
 sum_p: 1100 -2226.57912698 6375.08753968 -8.60166666667
 1101
 sum_p: 1101 -2222.35412698 6153.04269841 -8.3753968254
 1102
 sum_p: 1102 -2226.76198413 6003.23801587 -8.23
 1103
 sum_p: 1103 -2196.35373016 6102.53515873 -8.29888888889
 1104
 sum_p: 1104 -2225.35031746 6250.76079365 -8.47611111111
 1105
 sum_p: 1105 -2235.21555556 6256.45111111 -8.49166666667
 1106
 sum_p: 1106 -2224.52111111 6206.90746032 -8.43142857143
 1107
 sum_p: 1107 -2216.86714286 6127.8947619 -8.34476190476
 1108
 sum_p: 1108 -2224.96611111 6479.79579365 -8.70476190476
 1109
 sum_p: 1109 -2224.98944444 6188.97880952 -8.41396825397
 1110
 sum_p: 1110 -2232.08031746 6155.69746032 -8.38777777778
 1111
 sum_p: 1111 -2225.37611111 6247.40166667 -8.47277777778
 1112
 sum_p: 1112 -2233.36563492 6199.96769841 -8.43333333333
 1113
 sum_p: 1113 -2217.97698413 5993.8484127 -8.21182539683
 1114
 sum_p: 1114 -2192.25904762 6304.16952381 -8.49642857143
 1115
 sum_p: 1115 -2195.50603175 6454.81142857 -8.65031746032
 1116
 sum_p: 1116 -2184.36373016 6216.1918254 -8.40055555556
 1117
 sum_p: 1117 -2212.26071429 6184.7234127 -8.39698412698
 1118
 sum_p: 1118 -2203.39912698 5986.44214286 -8.18984126984
 1119
 sum_p: 1119 -2189.13373016 5886.34246032 -8.07547619048
 1120
 sum_p: 1120 -2217.5618254 6187.4381746 -8.405
 1121
 sum_p: 1121 -2203.74468254 6325.46166667 -8.52920634921
 1122
 sum_p: 1122 -2216.65134921 6211.68198413 -8.42833333333
 1123
 sum_p: 1123 -2198.34388889 6141.81484127 -8.34015873016
 1124
 sum_p: 1124 -2196.68603175 6161.17111111 -8.35785714286
 1125
 sum_p: 1125 -2210.8365873 6163.84595238 -8.37468253968
 1126
 sum_p: 1126 -2205.26285714 6337.59428571 -8.54285714286
 1127
 sum_p: 1127 -2213.36730159 6076.07714286 -8.28944444444
 1128
 sum_p: 1128 -2196.33587302 6322.87047619 -8.51920634921
 1129
 sum_p: 1129 -2199.34515873 6087.79769841 -8.28714285714
 1130
 sum_p: 1130 -2197.28769841 6307.15674603 -8.50444444444
 1131
 sum_p: 1131 -2202.11769841 6297.88230159 -8.5
 1132
 sum_p: 1132 -2205.37785714 6288.90785714 -8.49428571429
 1133
 sum_p: 1133 -2210.73753968 6203.23071429 -8.41396825397
 1134
 sum_p: 1134 -2192.14634921 6122.77428571 -8.31492063492
 1135
 sum_p: 1135 -2185.46015873 6201.04777778 -8.38650793651
 1136
 sum_p: 1136 -2184.75531746 6353.02246032 -8.53777777778
 1137
 sum_p: 1137 -2198.53833333 6489.795 -8.68833333333
 1138
 sum_p: 1138 -2196.87055556 6065.43103175 -8.2623015873
 1139
 sum_p: 1139 -2203.93619048 6239.87333333 -8.44380952381
 1140
 sum_p: 1140 -2191.18119048 6103.26325397 -8.29444444444
 1141
 sum_p: 1141 -2205.75888889 6279.79666667 -8.48555555556
 1142
 sum_p: 1142 -2195.30595238 6142.075 -8.33738095238
 1143
 sum_p: 1143 -2199.6631746 6105.73365079 -8.3053968254
 1144
 sum_p: 1144 -2217.9884127 6072.32904762 -8.29031746032
 1145
 sum_p: 1145 -2207.35690476 6084.7065873 -8.29206349206
 1146
 sum_p: 1146 -2194.28912698 6171.10769841 -8.3653968254
 1147
 sum_p: 1147 -2207.30880952 6080.23087302 -8.28753968254
 1148
 sum_p: 1148 -2204.57928571 6274.86515873 -8.47944444444
 1149
 sum_p: 1149 -2190.85952381 6453.42619048 -8.64428571429
 1150
 sum_p: 1150 -2206.6181746 6182.90563492 -8.38952380952
 1151
 sum_p: 1151 -2187.40333333 6502.75539683 -8.69015873016
 1152
 sum_p: 1152 -2182.84079365 6087.15920635 -8.27
 1153
 sum_p: 1153 -2195.69206349 6269.94285714 -8.46563492063
 1154
 sum_p: 1154 -2199.49912698 6171.05642857 -8.37055555556
 1155
 sum_p: 1155 -2199.12531746 6493.49373016 -8.69261904762
 1156
 sum_p: 1156 -2202.74365079 6093.05 -8.29579365079
 1157
 sum_p: 1157 -2184.86603175 6332.2768254 -8.51714285714
 1158
 sum_p: 1158 -2189.64706349 6387.57515873 -8.57722222222
 1159
 sum_p: 1159 -2203.16595238 6197.3102381 -8.40047619048
 1160
 sum_p: 1160 -2194.85936508 6068.55333333 -8.26341269841
 1161
 sum_p: 1161 -2179.54904762 6442.19698413 -8.62174603175
 1162
 sum_p: 1162 -2193.94603175 6013.35555556 -8.2073015873
 1163
 sum_p: 1163 -2200.05539683 6136.45253968 -8.33650793651
 1164
 sum_p: 1164 -2184.67666667 6104.6884127 -8.28936507937
 1165
 sum_p: 1165 -2187.67095238 6184.07507937 -8.37174603175
 1166
 sum_p: 1166 -2180.57642857 6122.51880952 -8.3030952381
 1167
 sum_p: 1167 -2175.08555556 6298.00968254 -8.4730952381
 1168
 sum_p: 1168 -2185.78134921 6467.55198413 -8.65333333333
 1169
 sum_p: 1169 -2180.17246032 6281.09738095 -8.46126984127
 1170
 sum_p: 1170 -2174.55603175 6355.44396825 -8.53
 1171
 sum_p: 1171 -2185.09492063 6173.2384127 -8.35833333333
 1172
 sum_p: 1172 -2171.66587302 6365.00079365 -8.53666666667
 1173
 sum_p: 1173 -2181.25738095 6251.12357143 -8.43238095238
 1174
 sum_p: 1174 -2169.77738095 6379.82579365 -8.5496031746
 1175
 sum_p: 1175 -2176.08119048 6033.91880952 -8.21
 1176
 sum_p: 1176 -2181.56880952 6254.78039683 -8.43634920635
 1177
 sum_p: 1177 -2170.59 6308.37825397 -8.47896825397
 1178
 sum_p: 1178 -2176.13650794 6271.4031746 -8.44753968254
 1179
 sum_p: 1179 -2152.51547619 6234.70674603 -8.38722222222
 1180
 sum_p: 1180 -2162.81936508 6227.49809524 -8.39031746032
 1181
 sum_p: 1181 -2168.57769841 6113.56515873 -8.28214285714
 1182
 sum_p: 1182 -2158.415 6317.29928571 -8.47571428571
 1183
 sum_p: 1183 -2173.14119048 6212.81119048 -8.38595238095
 1184
 sum_p: 1184 -2174.62111111 6098.47412698 -8.2730952381
 1185
 sum_p: 1185 -2178.43777778 6390.45111111 -8.56888888889
 1186
 sum_p: 1186 -2174.40198413 6545.59801587 -8.72
 1187
 sum_p: 1187 -2148.26428571 6256.73571429 -8.405
 1188
 sum_p: 1188 -2164.40603175 6114.32412698 -8.27873015873
 1189
 sum_p: 1189 -2168.33722222 6112.85325397 -8.28119047619
 1190
 sum_p: 1190 -2184.34857143 6380.81015873 -8.56515873016
 1191
 sum_p: 1191 -2166.52880952 6252.995 -8.41952380952
 1192
 sum_p: 1192 -2191.69198413 6300.68896825 -8.49238095238
 1193
 sum_p: 1193 -2148.74269841 6364.03507937 -8.51277777778
 1194
 sum_p: 1194 -2173.07825397 6157.87412698 -8.33095238095
 1195
 sum_p: 1195 -2164.19428571 6404.45650794 -8.56865079365
 1196
 sum_p: 1196 -2177.70698413 6308.40412698 -8.48611111111
 1197
 sum_p: 1197 -2158.88698413 6303.49396825 -8.46238095238
 1198
 sum_p: 1198 -2168.44539683 6314.57047619 -8.48301587302
 1199
 sum_p: 1199 -2165.02547619 6154.18087302 -8.31920634921
 1200
 sum_p: 1200 -2179.54984127 6348.78349206 -8.52833333333
 1201
 sum_p: 1201 -2179.79873016 6220.12190476 -8.39992063492
 1202
 sum_p: 1202 -2180.54285714 6102.15555556 -8.2826984127
 1203
 sum_p: 1203 -2171.59412698 6201.50111111 -8.3730952381
 1204
 sum_p: 1204 -2172.61063492 6130.16714286 -8.30277777778
 1205
 sum_p: 1205 -2168.42611111 6250.22468254 -8.41865079365
 1206
 sum_p: 1206 -2166.45420635 6287.43468254 -8.45388888889
 1207
 sum_p: 1207 -2144.18777778 6166.12968254 -8.31031746032
 1208
 sum_p: 1208 -2152.34857143 6273.84190476 -8.42619047619
 1209
 sum_p: 1209 -2153.92865079 6278.05547619 -8.43198412698
 1210
 sum_p: 1210 -2162.58611111 6299.87420635 -8.46246031746
 1211
 sum_p: 1211 -2163.13047619 6256.31396825 -8.41944444444
 1212
 sum_p: 1212 -2146.1765873 6269.69642857 -8.41587301587
 1213
 sum_p: 1213 -2138.61063492 6261.23063492 -8.39984126984
 1214
 sum_p: 1214 -2158.35293651 6300.8534127 -8.45920634921
 1215
 sum_p: 1215 -2151.72031746 6150.81936508 -8.30253968254
 1216
 sum_p: 1216 -2159.30634921 6441.24920635 -8.60055555556
 1217
 sum_p: 1217 -2149.60198413 6301.90595238 -8.45150793651
 1218
 sum_p: 1218 -2151.4331746 6428.09063492 -8.57952380952
 1219
 sum_p: 1219 -2155.85293651 6209.14706349 -8.365
 1220
 sum_p: 1220 -2158.84039683 6431.63579365 -8.59047619048
 1221
 sum_p: 1221 -2148.35190476 6241.17190476 -8.38952380952
 1222
 sum_p: 1222 -2158.82436508 6446.88992063 -8.60571428571
 1223
 sum_p: 1223 -2147.27801587 6132.48388889 -8.27976190476
 1224
 sum_p: 1224 -2166.03563492 6166.10722222 -8.33214285714
 1225
 sum_p: 1225 -2154.94428571 6121.1668254 -8.27611111111
 1226
 sum_p: 1226 -2135.64428571 6024.99063492 -8.16063492063
 1227
 sum_p: 1227 -2140.42095238 6428.30920635 -8.56873015873
 1228
 sum_p: 1228 -2148.885 6342.06738095 -8.49095238095
 1229
 sum_p: 1229 -2146.39174603 6232.81460317 -8.37920634921
 1230
 sum_p: 1230 -2170.37126984 6331.61285714 -8.50198412698
 1231
 sum_p: 1231 -2139.98396825 6124.14301587 -8.26412698413
 1232
 sum_p: 1232 -2151.61984127 6273.53888889 -8.42515873016
 1233
 sum_p: 1233 -2141.51365079 6266.10539683 -8.40761904762
 1234
 sum_p: 1234 -2153.92087302 6227.74579365 -8.38166666667
 1235
 sum_p: 1235 -2153.99357143 6439.65722222 -8.59365079365
 1236
 sum_p: 1236 -2141.70301587 6372.2652381 -8.51396825397
 1237
 sum_p: 1237 -2160.87714286 6095.15460317 -8.25603174603
 1238
 sum_p: 1238 -2145.06134921 6341.12912698 -8.48619047619
 1239
 sum_p: 1239 -2162.08595238 6346.00928571 -8.5080952381
 1240
 sum_p: 1240 -2148.15888889 6110.49190476 -8.25865079365
 1241
 sum_p: 1241 -2144.56730159 6555.98825397 -8.70055555556
 1242
 sum_p: 1242 -2151.87706349 6401.45626984 -8.55333333333
 1243
 sum_p: 1243 -2152.57849206 6032.50087302 -8.18507936508
 1244
 sum_p: 1244 -2140.72404762 6260.14896825 -8.40087301587
 1245
 sum_p: 1245 -2150.75793651 6269.40079365 -8.42015873016
 1246
 sum_p: 1246 -2135.63460317 6230.07968254 -8.36571428571
 1247
 sum_p: 1247 -2142.3847619 6259.67873016 -8.40206349206
 1248
 sum_p: 1248 -2129.38246032 6433.39531746 -8.56277777778
 1249
 sum_p: 1249 -2139.97611111 6272.80166667 -8.41277777778
 1250
 sum_p: 1250 -2132.84 6203.82666667 -8.33666666667
 1251
 sum_p: 1251 -2127.69142857 6258.34031746 -8.38603174603
 1252
 sum_p: 1252 -2120.33603175 6268.63222222 -8.38896825397
 1253
 sum_p: 1253 -2145.80857143 6322.36603175 -8.46817460317
 1254
 sum_p: 1254 -2130.21595238 6249.30785714 -8.37952380952
 1255
 sum_p: 1255 -2119.79507937 6252.50650794 -8.3723015873
 1256
 sum_p: 1256 -2127.23595238 6036.25611111 -8.16349206349
 1257
 sum_p: 1257 -2141.60928571 6405.77166667 -8.54738095238
 1258
 sum_p: 1258 -2137.81642857 6278.8502381 -8.41666666667
 1259
 sum_p: 1259 -2115.46047619 6203.98396825 -8.31944444444
 1260
 sum_p: 1260 -2129.04325397 6254.05198413 -8.3830952381
 1261
 sum_p: 1261 -2130.06269841 6160.57222222 -8.29063492063
 1262
 sum_p: 1262 -2129.49007937 6207.81150794 -8.3373015873
 1263
 sum_p: 1263 -2121.58928571 6311.26785714 -8.43285714286
 1264
 sum_p: 1264 -2118.99230159 6238.78547619 -8.35777777778
 1265
 sum_p: 1265 -2132.63293651 6404.03373016 -8.53666666667
 1266
 sum_p: 1266 -2134.72452381 6127.1802381 -8.2619047619
 1267
 sum_p: 1267 -2127.84309524 6175.4902381 -8.30333333333
 1268
 sum_p: 1268 -2134.75142857 6079.69301587 -8.21444444444
 1269
 sum_p: 1269 -2113.94984127 6431.12952381 -8.54507936508
 1270
 sum_p: 1270 -2140.24206349 6331.02777778 -8.47126984127
 1271
 sum_p: 1271 -2134.67603175 6210.24460317 -8.34492063492
 1272
 sum_p: 1272 -2129.95984127 6333.69095238 -8.46365079365
 1273
 sum_p: 1273 -2135.00198413 6107.85515873 -8.24285714286
 1274
 sum_p: 1274 -2143.97714286 6328.24507937 -8.47222222222
 1275
 sum_p: 1275 -2124.47603175 6363.61920635 -8.4880952381
 1276
 sum_p: 1276 -2126.18039683 6301.75611111 -8.42793650794
 1277
 sum_p: 1277 -2127.83896825 6196.04992063 -8.32388888889
 1278
 sum_p: 1278 -2127.1965873 6418.43833333 -8.54563492063
 1279
 sum_p: 1279 -2140.6297619 6132.54484127 -8.27317460317
 1280
 sum_p: 1280 -2138.68420635 6146.47452381 -8.28515873016
 1281
 sum_p: 1281 -2127.20309524 6348.90801587 -8.47611111111
 1282
 sum_p: 1282 -2127.63531746 6382.68214286 -8.51031746032
 1283
 sum_p: 1283 -2145.55452381 6091.19150794 -8.23674603175
 1284
 sum_p: 1284 -2146.10777778 6215.95571429 -8.36206349206
 1285
 sum_p: 1285 -2125.04698413 6280.50857143 -8.40555555556
 1286
 sum_p: 1286 -2125.64412698 6435.46698413 -8.56111111111
 1287
 sum_p: 1287 -2115.52373016 6148.36515873 -8.26388888889
 1288
 sum_p: 1288 -2133.87880952 6298.89896825 -8.43277777778
 1289
 sum_p: 1289 -2111.24666667 6158.75333333 -8.27
 1290
 sum_p: 1290 -2096.62849206 6480.59373016 -8.57722222222
 1291
 sum_p: 1291 -2109.60380952 6347.77714286 -8.45738095238
 1292
 sum_p: 1292 -2119.64230159 6320.67515873 -8.44031746032
 1293
 sum_p: 1293 -2116.22063492 6206.7952381 -8.32301587302
 1294
 sum_p: 1294 -2128.7452381 6522.92142857 -8.65166666667
 1295
 sum_p: 1295 -2106.81079365 6300.96698413 -8.40777777778
 1296
 sum_p: 1296 -2083.39222222 6408.35380952 -8.49174603175
 1297
 sum_p: 1297 -2092.63333333 6186.01746032 -8.27865079365
 1298
 sum_p: 1298 -2102.21309524 6032.54880952 -8.13476190476
 1299
 sum_p: 1299 -2104.25007937 6307.49595238 -8.41174603175
 1300
 sum_p: 1300 -2102.05468254 6297.46912698 -8.39952380952
 1301
 sum_p: 1301 -2118.7984127 6128.58253968 -8.24738095238
 1302
 sum_p: 1302 -2110.03325397 6339.3318254 -8.44936507937
 1303
 sum_p: 1303 -2102.95174603 6288.39746032 -8.39134920635
 1304
 sum_p: 1304 -2109.32984127 6424.32095238 -8.53365079365
 1305
 sum_p: 1305 -2110.64634921 6180.62349206 -8.29126984127
 1306
 sum_p: 1306 -2124.65309524 6086.21992063 -8.21087301587
 1307
 sum_p: 1307 -2098.28730159 6473.37936508 -8.57166666667
 1308
 sum_p: 1308 -2100.24833333 6320.46595238 -8.42071428571
 1309
 sum_p: 1309 -2107.90555556 6384.47539683 -8.49238095238
 1310
 sum_p: 1310 -2105.23468254 6272.06690476 -8.3773015873
 1311
 sum_p: 1311 -2085.91214286 6296.38944444 -8.3823015873
 1312
 sum_p: 1312 -2088.96769841 6306.58785714 -8.39555555556
 1313
 sum_p: 1313 -2109.58222222 6323.59238095 -8.43317460317
 1314
 sum_p: 1314 -2091.98833333 6551.50373016 -8.64349206349
 1315
 sum_p: 1315 -2092.34706349 6488.76404762 -8.58111111111
 1316
 sum_p: 1316 -2101.60230159 6219.50880952 -8.32111111111
 1317
 sum_p: 1317 -2091.19698413 6178.40619048 -8.2696031746
 1318
 sum_p: 1318 -2098.19261905 6269.02960317 -8.36722222222
 1319
 sum_p: 1319 -2110.08952381 6134.91047619 -8.245
 1320
 sum_p: 1320 -2105.61698413 6694.46238095 -8.80007936508
 1321
 sum_p: 1321 -2096.17071429 6248.27373016 -8.34444444444
 1322
 sum_p: 1322 -2089.19873016 6259.13460317 -8.34833333333
 1323
 sum_p: 1323 -2082.07746032 6366.09714286 -8.44817460317
 1324
 sum_p: 1324 -2098.06960317 6510.02563492 -8.6080952381
 1325
 sum_p: 1325 -2103.56309524 6276.51626984 -8.38007936508
 1326
 sum_p: 1326 -2097.9734127 6100.04246032 -8.19801587302
 1327
 sum_p: 1327 -2101.83857143 6266.97095238 -8.36880952381
 1328
 sum_p: 1328 -2098.17309524 6257.77928571 -8.35595238095
 1329
 sum_p: 1329 -2091.07126984 6303.53190476 -8.3946031746
 1330
 sum_p: 1330 -2092.98936508 6317.72492063 -8.41071428571
 1331
 sum_p: 1331 -2089.96373016 6272.25849206 -8.36222222222
 1332
 sum_p: 1332 -2088.19555556 6464.6615873 -8.55285714286
 1333
 sum_p: 1333 -2084.30015873 6423.08079365 -8.50738095238
 1334
 sum_p: 1334 -2069.65595238 6227.01071429 -8.29666666667
 1335
 sum_p: 1335 -2072.76190476 6185.49206349 -8.25825396825
 1336
 sum_p: 1336 -2079.27 6405.25380952 -8.48452380952
 1337
 sum_p: 1337 -2061.6965873 6260.52563492 -8.32222222222
 1338
 sum_p: 1338 -2058.7352381 6613.80444444 -8.67253968254
 1339
 sum_p: 1339 -2067.44047619 6213.03571429 -8.28047619048
 1340
 sum_p: 1340 -2071.58 6418.42 -8.49
 1341
 sum_p: 1341 -2063.56928571 6314.76404762 -8.37833333333
 1342
 sum_p: 1342 -2067.61849206 6551.27039683 -8.61888888889
 1343
 sum_p: 1343 -2059.75785714 6226.82944444 -8.28658730159
 1344
 sum_p: 1344 -2066.55579365 6524.07912698 -8.59063492063
 1345
 sum_p: 1345 -2068.91555556 6488.86222222 -8.55777777778
 1346
 sum_p: 1346 -2072.69047619 6231.83333333 -8.30452380952
 1347
 sum_p: 1347 -2055.85634921 6261.76269841 -8.31761904762
 1348
 sum_p: 1348 -2069.87746032 6620.28126984 -8.69015873016
 1349
 sum_p: 1349 -2057.5781746 6524.7234127 -8.5823015873
 1350
 sum_p: 1350 -2060.20063492 6117.0215873 -8.17722222222
 1351
 sum_p: 1351 -2041.61373016 6442.35452381 -8.48396825397
 1352
 sum_p: 1352 -2057.62920635 6421.0215873 -8.47865079365
 1353
 sum_p: 1353 -2048.75007937 6386.56738095 -8.43531746032
 1354
 sum_p: 1354 -2053.61531746 6295.03547619 -8.34865079365
 1355
 sum_p: 1355 -2041.11992063 6599.59436508 -8.64071428571
 1356
 sum_p: 1356 -2043.42492063 6590.38460317 -8.63380952381
 1357
 sum_p: 1357 -2055.07261905 6289.45119048 -8.34452380952
 1358
 sum_p: 1358 -2041.0152381 6136.92126984 -8.17793650794
 1359
 sum_p: 1359 -2060.82126984 6417.51206349 -8.47833333333
 1360
 sum_p: 1360 -2064.42936508 6513.3484127 -8.57777777778
 1361
 sum_p: 1361 -2032.61460317 6444.60761905 -8.47722222222
 1362
 sum_p: 1362 -2047.59928571 6396.92452381 -8.44452380952
 1363
 sum_p: 1363 -2063.32412698 6440.48539683 -8.50380952381
 1364
 sum_p: 1364 -2062.45071429 6327.94611111 -8.3903968254
 1365
 sum_p: 1365 -2033.17992063 6525.78833333 -8.55896825397
 1366
 sum_p: 1366 -2054.63404762 6493.54055556 -8.54817460317
 1367
 sum_p: 1367 -2048.19619048 6296.8831746 -8.34507936508
 1368
 sum_p: 1368 -2046.21539683 6466.95920635 -8.51317460317
 1369
 sum_p: 1369 -2045.54928571 6142.62531746 -8.18817460317
 1370
 sum_p: 1370 -2037.20071429 6402.00563492 -8.43920634921
 1371
 sum_p: 1371 -2034.02380952 6478.11904762 -8.51214285714
 1372
 sum_p: 1372 -2042.57611111 6724.72547619 -8.7673015873
 1373
 sum_p: 1373 -2035.89444444 6415.53412698 -8.45142857143
 1374
 sum_p: 1374 -2036.24722222 6544.86388889 -8.58111111111
 1375
 sum_p: 1375 -2055.77833333 6459.77722222 -8.51555555556
 1376
 sum_p: 1376 -2032.65134921 6314.2534127 -8.3469047619
 1377
 sum_p: 1377 -2041.07 6334.88238095 -8.37595238095
 1378
 sum_p: 1378 -2038.65126984 6580.31698413 -8.61896825397
 1379
 sum_p: 1379 -2022.41246032 6268.85738095 -8.29126984127
 1380
 sum_p: 1380 -2029.92007937 6164.52436508 -8.19444444444
 1381
 sum_p: 1381 -2011.01293651 6335.41563492 -8.34642857143
 1382
 sum_p: 1382 -2018.8302381 6175.53484127 -8.19436507937
 1383
 sum_p: 1383 -2029.24896825 6316.62404762 -8.34587301587
 1384
 sum_p: 1384 -2039.74944444 6362.31404762 -8.40206349206
 1385
 sum_p: 1385 -2026.31412698 6437.01920635 -8.46333333333
 1386
 sum_p: 1386 -2035.01873016 6318.47333333 -8.35349206349
 1387
 sum_p: 1387 -2025.14031746 6603.27238095 -8.62841269841
 1388
 sum_p: 1388 -2015.10150794 6538.31119048 -8.55341269841
 1389
 sum_p: 1389 -2033.9297619 6302.65753968 -8.33658730159
 1390
 sum_p: 1390 -2029.5802381 6299.94357143 -8.32952380952
 1391
 sum_p: 1391 -2023.18134921 6183.7234127 -8.2069047619
 1392
 sum_p: 1392 -2019.30174603 6435.46015873 -8.45476190476
 1393
 sum_p: 1393 -2010.09849206 6467.28246032 -8.47738095238
 1394
 sum_p: 1394 -2014.70698413 6402.43587302 -8.41714285714
 1395
 sum_p: 1395 -2023.58293651 6508.79801587 -8.53238095238
 1396
 sum_p: 1396 -2009.13373016 6442.05674603 -8.45119047619
 1397
 sum_p: 1397 -2014.84047619 6245.71507937 -8.26055555556
 1398
 sum_p: 1398 -2015.78142857 6259.13920635 -8.27492063492
 1399
 sum_p: 1399 -2012.34285714 6565.11746032 -8.57746031746
 1400
 sum_p: 1400 -2021.6915873 6439.65761905 -8.46134920635
 1401
 sum_p: 1401 -2017.16071429 6455.77579365 -8.47293650794
 1402
 sum_p: 1402 -2019.24555556 6376.38936508 -8.39563492063
 1403
 sum_p: 1403 -2005.56468254 6378.95912698 -8.38452380952
 1404
 sum_p: 1404 -2008.14880952 6539.23214286 -8.54738095238
 1405
 sum_p: 1405 -2019.54777778 6460.61095238 -8.48015873016
 1406
 sum_p: 1406 -1999.83238095 6602.15174603 -8.60198412698
 1407
 sum_p: 1407 -2009.395 6376.55738095 -8.38595238095
 1408
 sum_p: 1408 -2006.54404762 6503.21785714 -8.50976190476
 1409
 sum_p: 1409 -2008.79468254 6606.28468254 -8.61507936508
 1410
 sum_p: 1410 -2004.88396825 6088.60809524 -8.09349206349
 1411
 sum_p: 1411 -1992.59714286 6403.27587302 -8.39587301587
 1412
 sum_p: 1412 -2024.05809524 6552.60857143 -8.57666666667
 1413
 sum_p: 1413 -2008.58785714 6462.60261905 -8.47119047619
 1414
 sum_p: 1414 -2002.26007937 6601.62880952 -8.60388888889
 1415
 sum_p: 1415 -2005.04634921 6420.58857143 -8.42563492063
 1416
 sum_p: 1416 -1991.2502381 6514.46404762 -8.50571428571
 1417
 sum_p: 1417 -1998.13452381 6271.78611111 -8.26992063492
 1418
 sum_p: 1418 -2006.27404762 6358.48785714 -8.36476190476
 1419
 sum_p: 1419 -1988.57730159 6481.50206349 -8.47007936508
 1420
 sum_p: 1420 -2012.59603175 6327.16587302 -8.33976190476
 1421
 sum_p: 1421 -1999.71404762 6450.6034127 -8.45031746032
 1422
 sum_p: 1422 -1986.56055556 6505.18547619 -8.49174603175
 1423
 sum_p: 1423 -1988.74452381 6716.01738095 -8.70476190476
 1424
 sum_p: 1424 -1999.57285714 6494.95095238 -8.49452380952
 1425
 sum_p: 1425 -2000.97626984 6504.57928571 -8.50555555556
 1426
 sum_p: 1426 -1996.01484127 6402.39785714 -8.39841269841
 1427
 sum_p: 1427 -1998.44809524 6202.66301587 -8.20111111111
 1428
 sum_p: 1428 -1986.46936508 6459.72111111 -8.44619047619
 1429
 sum_p: 1429 -1987.3384127 6327.10603175 -8.31444444444
 1430
 sum_p: 1430 -1976.88849206 6364.38134921 -8.34126984127
 1431
 sum_p: 1431 -1985.20579365 6430.3497619 -8.41555555556
 1432
 sum_p: 1432 -1983.07492063 6575.81396825 -8.55888888889
 1433
 sum_p: 1433 -1983.75563492 6297.27611111 -8.28103174603
 1434
 sum_p: 1434 -1991.30857143 6423.2152381 -8.41452380952
 1435
 sum_p: 1435 -1991.93714286 6454.09460317 -8.44603174603
 1436
 sum_p: 1436 -1979.64460317 6345.35539683 -8.325
 1437
 sum_p: 1437 -1983.16365079 6453.82047619 -8.43698412698
 1438
 sum_p: 1438 -1986.10611111 6263.57642857 -8.24968253968
 1439
 sum_p: 1439 -1974.5168254 6398.5784127 -8.3730952381
 1440
 sum_p: 1440 -1989.37166667 6343.48547619 -8.33285714286
 1441
 sum_p: 1441 -1969.97793651 6679.2284127 -8.64920634921
 1442
 sum_p: 1442 -1967.38214286 6239.99880952 -8.20738095238
 1443
 sum_p: 1443 -1966.59246032 6408.96309524 -8.37555555556
 1444
 sum_p: 1444 -1976.59555556 6405.38857143 -8.38198412698
 1445
 sum_p: 1445 -1983.22222222 6362.41269841 -8.34563492063
 1446
 sum_p: 1446 -1977.57611111 6391.94769841 -8.36952380952
 1447
 sum_p: 1447 -1975.41269841 6371.57142857 -8.34698412698
 1448
 sum_p: 1448 -1966.47944444 6470.74277778 -8.43722222222
 1449
 sum_p: 1449 -1958.24825397 6482.38666667 -8.44063492063
 1450
 sum_p: 1450 -1974.14912698 6306.80325397 -8.28095238095
 1451
 sum_p: 1451 -1979.96388889 6524.48055556 -8.50444444444
 1452
 sum_p: 1452 -1974.50531746 6580.73277778 -8.55523809524
 1453
 sum_p: 1453 -1959.61531746 6288.16246032 -8.24777777778
 1454
 sum_p: 1454 -1972.43888889 6492.64047619 -8.46507936508
 1455
 sum_p: 1455 -1958.38912698 6516.37277778 -8.47476190476
 1456
 sum_p: 1456 -1960.88428571 6264.35380952 -8.22523809524
 1457
 sum_p: 1457 -1974.65992063 6378.6734127 -8.35333333333
 1458
 sum_p: 1458 -1965.17849206 6553.55166667 -8.51873015873
 1459
 sum_p: 1459 -1968.00412698 6530.72603175 -8.49873015873
 1460
 sum_p: 1460 -1955.64634921 6420.78222222 -8.37642857143
 1461
 sum_p: 1461 -1959.32428571 6541.07253968 -8.5003968254
 1462
 sum_p: 1462 -1961.96055556 6269.54738095 -8.23150793651
 1463
 sum_p: 1463 -1974.25515873 6607.01468254 -8.58126984127
 1464
 sum_p: 1464 -1953.35015873 6510.53873016 -8.46388888889
 1465
 sum_p: 1465 -1958.27626984 6365.45388889 -8.32373015873
 1466
 sum_p: 1466 -1961.82666667 6456.58603175 -8.41841269841
 1467
 sum_p: 1467 -1952.56746032 6444.09920635 -8.39666666667
 1468
 sum_p: 1468 -1942.95126984 6617.84238095 -8.56079365079
 1469
 sum_p: 1469 -1969.44 6632.8615873 -8.6023015873
 1470
 sum_p: 1470 -1967.84992063 6552.15007937 -8.52
 1471
 sum_p: 1471 -1956.83587302 6568.71968254 -8.52555555556
 1472
 sum_p: 1472 -1969.37912698 6501.33515873 -8.47071428571
 1473
 sum_p: 1473 -1949.47547619 6564.96896825 -8.51444444444
 1474
 sum_p: 1474 -1954.83849206 6534.05039683 -8.48888888889
 1475
 sum_p: 1475 -1951.48912698 6336.05055556 -8.28753968254
 1476
 sum_p: 1476 -1982.61444444 6433.49666667 -8.41611111111
 1477
 sum_p: 1477 -1939.79492063 6675.20507937 -8.615
 1478
 sum_p: 1478 -1961.63968254 6418.12222222 -8.37976190476
 1479
 sum_p: 1479 -1942.27484127 6617.72515873 -8.56
 1480
 sum_p: 1480 -1966.51507937 6581.26269841 -8.54777777778
 1481
 sum_p: 1481 -1937.27777778 6371.69047619 -8.30896825397
 1482
 sum_p: 1482 -1950.5518254 6496.51166667 -8.44706349206
 1483
 sum_p: 1483 -1948.53785714 6616.22404762 -8.56476190476
 1484
 sum_p: 1484 -1937.30746032 6633.01 -8.57031746032
 1485
 sum_p: 1485 -1954.13357143 6380.94579365 -8.33507936508
 1486
 sum_p: 1486 -1945.94714286 6134.13222222 -8.08007936508
 1487
 sum_p: 1487 -1930.97087302 6462.67992063 -8.39365079365
 1488
 sum_p: 1488 -1942.64079365 6574.50206349 -8.51714285714
 1489
 sum_p: 1489 -1935.99142857 6206.23079365 -8.14222222222
 1490
 sum_p: 1490 -1936.18912698 6435.00134921 -8.37119047619
 1491
 sum_p: 1491 -1945.25444444 6451.4915873 -8.39674603175
 1492
 sum_p: 1492 -1945.06015873 6498.35253968 -8.44341269841
 1493
 sum_p: 1493 -1936.37865079 6386.7165873 -8.3230952381
 1494
 sum_p: 1494 -1918.18563492 6469.75087302 -8.38793650794
 1495
 sum_p: 1495 -1940.5068254 6692.03285714 -8.63253968254
 1496
 sum_p: 1496 -1932.73222222 6539.33126984 -8.47206349206
 1497
 sum_p: 1497 -1943.9747619 6404.51730159 -8.34849206349
 1498
 sum_p: 1498 -1923.75984127 6606.87507937 -8.53063492063
 1499
 sum_p: 1499 -1941.22698413 6399.88412698 -8.34111111111
 1500
 sum_p: 1500 -1927.43555556 6620.34222222 -8.54777777778
 1501
 sum_p: 1501 -1927.64738095 6525.76531746 -8.45341269841
 1502
 sum_p: 1502 -1937.09119048 6475.44849206 -8.41253968254
 1503
 sum_p: 1503 -1912.19746032 6714.15174603 -8.62634920635
 1504
 sum_p: 1504 -1920.68746032 6198.59825397 -8.11928571429
 1505
 sum_p: 1505 -1927.10706349 6582.89293651 -8.51
 1506
 sum_p: 1506 -1919.98785714 6430.56769841 -8.35055555556
 1507
 sum_p: 1507 -1917.35634921 6444.9452381 -8.3623015873
 1508
 sum_p: 1508 -1929.40571429 6373.37206349 -8.30277777778
 1509
 sum_p: 1509 -1920.8315873 6478.93031746 -8.39976190476
 1510
 sum_p: 1510 -1916.13150794 6521.96373016 -8.4380952381
 1511
 sum_p: 1511 -1924.6934127 6636.97325397 -8.56166666667
 1512
 sum_p: 1512 -1908.70190476 6538.20285714 -8.4469047619
 1513
 sum_p: 1513 -1934.55944444 6424.32944444 -8.35888888889
 1514
 sum_p: 1514 -1919.78468254 6471.64388889 -8.39142857143
 1515
 sum_p: 1515 -1924.7365873 6577.565 -8.5023015873
 1516
 sum_p: 1516 -1907.19142857 6493.52285714 -8.40071428571
 1517
 sum_p: 1517 -1926.31373016 6430.43230159 -8.35674603175
 1518
 sum_p: 1518 -1922.64944444 6726.55690476 -8.64920634921
 1519
 sum_p: 1519 -1911.06277778 6802.34992063 -8.71341269841
 1520
 sum_p: 1520 -1921.40777778 6356.68746032 -8.2780952381
 1521
 sum_p: 1521 -1920.82547619 6477.82531746 -8.39865079365
 1522
 sum_p: 1522 -1929.74412698 6486.68444444 -8.41642857143
 1523
 sum_p: 1523 -1914.7184127 6469.80539683 -8.38452380952
 1524
 sum_p: 1524 -1907.7965873 6390.06055556 -8.29785714286
 1525
 sum_p: 1525 -1915.49420635 6560.06134921 -8.47555555556
 1526
 sum_p: 1526 -1908.53777778 6705.43047619 -8.61396825397
 1527
 sum_p: 1527 -1906.67087302 6550.07515873 -8.45674603175
 1528
 sum_p: 1528 -1920.06396825 6914.22174603 -8.83428571429
 1529
 sum_p: 1529 -1899.74039683 6285.57706349 -8.18531746032
 1530
 sum_p: 1530 -1894.64007937 6398.85198413 -8.29349206349
 1531
 sum_p: 1531 -1906.98619048 6517.22015873 -8.42420634921
 1532
 sum_p: 1532 -1911.745 6691.3502381 -8.6030952381
 1533
 sum_p: 1533 -1906.82619048 6672.38015873 -8.57920634921
 1534
 sum_p: 1534 -1887.37587302 6620.71936508 -8.5080952381
 1535
 sum_p: 1535 -1906.36650794 6597.83984127 -8.50420634921
 1536
 sum_p: 1536 -1889.14285714 6638.95238095 -8.5280952381
 1537
 sum_p: 1537 -1896.48095238 6609.63015873 -8.50611111111
 1538
 sum_p: 1538 -1894.03365079 6574.93460317 -8.46896825397
 1539
 sum_p: 1539 -1898.26468254 6506.49722222 -8.40476190476
 1540
 sum_p: 1540 -1908.25230159 6459.68420635 -8.36793650794
 1541
 sum_p: 1541 -1879.78142857 6526.25031746 -8.40603174603
 1542
 sum_p: 1542 -1879.7715873 6588.87920635 -8.46865079365
 1543
 sum_p: 1543 -1880.55428571 6756.11238095 -8.63666666667
 1544
 sum_p: 1544 -1895.87039683 6313.6534127 -8.20952380952
 1545
 sum_p: 1545 -1883.86825397 6575.57619048 -8.45944444444
 1546
 sum_p: 1546 -1864.89507937 6558.43825397 -8.42333333333
 1547
 sum_p: 1547 -1892.63952381 6450.13825397 -8.34277777778
 1548
 sum_p: 1548 -1876.10134921 6568.89865079 -8.445
 1549
 sum_p: 1549 -1866.3965873 6518.92087302 -8.38531746032
 1550
 sum_p: 1550 -1866.95436508 6493.83928571 -8.36079365079
 1551
 sum_p: 1551 -1864.76579365 6569.83738095 -8.4346031746
 1552
 sum_p: 1552 -1863.55380952 6633.6684127 -8.49722222222
 1553
 sum_p: 1553 -1866.59944444 6655.62277778 -8.52222222222
 1554
 sum_p: 1554 -1866.81269841 6629.2984127 -8.49611111111
 1555
 sum_p: 1555 -1874.00293651 6521.47325397 -8.39547619048
 1556
 sum_p: 1556 -1873.31555556 6486.68444444 -8.36
 1557
 sum_p: 1557 -1876.06547619 6552.58531746 -8.42865079365
 1558
 sum_p: 1558 -1876.29825397 6467.19380952 -8.34349206349
 1559
 sum_p: 1559 -1869.88079365 6312.50015873 -8.18238095238
 1560
 sum_p: 1560 -1861.25111111 6696.44730159 -8.5576984127
 1561
 sum_p: 1561 -1860.81047619 6675.61809524 -8.53642857143
 1562
 sum_p: 1562 -1858.46888889 6663.83269841 -8.5223015873
 1563
 sum_p: 1563 -1849.91420635 6617.38738095 -8.4673015873
 1564
 sum_p: 1564 -1863.86928571 6750.01960317 -8.61388888889
 1565
 sum_p: 1565 -1852.73396825 6790.9168254 -8.64365079365
 1566
 sum_p: 1566 -1874.75595238 6551.35515873 -8.42611111111
 1567
 sum_p: 1567 -1863.70531746 6576.29468254 -8.44
 1568
 sum_p: 1568 -1865.85277778 6545.65515873 -8.41150793651
 1569
 sum_p: 1569 -1864.96738095 6513.36595238 -8.37833333333
 1570
 sum_p: 1570 -1874.23920635 6310.28460317 -8.18452380952
 1571
 sum_p: 1571 -1861.40436508 6472.96071429 -8.33436507937
 1572
 sum_p: 1572 -1855.00730159 6408.96095238 -8.26396825397
 1573
 sum_p: 1573 -1875.69095238 6406.05507937 -8.28174603175
 1574
 sum_p: 1574 -1865.83380952 6655.03920635 -8.52087301587
 1575
 sum_p: 1575 -1856.65809524 6458.9768254 -8.31563492063
 1576
 sum_p: 1576 -1863.29896825 6677.01849206 -8.54031746032
 1577
 sum_p: 1577 -1851.41611111 6620.88547619 -8.4723015873
 1578
 sum_p: 1578 -1865.26714286 6448.06619048 -8.31333333333
 1579
 sum_p: 1579 -1877.5918254 6496.85261905 -8.37444444444
 1580
 sum_p: 1580 -1869.6797619 6345.71706349 -8.2153968254
 1581
 sum_p: 1581 -1861.72126984 6603.04063492 -8.46476190476
 1582
 sum_p: 1582 -1844.45873016 6486.0968254 -8.33055555556
 1583
 sum_p: 1583 -1868.23063492 6387.95984127 -8.25619047619
 1584
 sum_p: 1584 -1868.71746032 6398.5047619 -8.26722222222
 1585
 sum_p: 1585 -1843.66031746 6745.22857143 -8.58888888889
 1586
 sum_p: 1586 -1859.16595238 6555.27849206 -8.41444444444
 1587
 sum_p: 1587 -1853.96309524 6479.21150794 -8.33317460317
 1588
 sum_p: 1588 -1875.12666667 6562.96857143 -8.4380952381
 1589
 sum_p: 1589 -1857.65571429 6459.88396825 -8.31753968254
 1590
 sum_p: 1590 -1878.2134127 6885.11992063 -8.76333333333
 1591
 sum_p: 1591 -1850.20079365 6615.83095238 -8.46603174603
 1592
 sum_p: 1592 -1849.61055556 6494.59579365 -8.34420634921
 1593
 sum_p: 1593 -1857.11126984 6464.55539683 -8.32166666667
 1594
 sum_p: 1594 -1851.32444444 6707.88190476 -8.55920634921
 1595
 sum_p: 1595 -1869.12992063 6745.39388889 -8.61452380952
 1596
 sum_p: 1596 -1871.13873016 6386.63904762 -8.25777777778
 1597
 sum_p: 1597 -1835.91103175 6402.97785714 -8.23888888889
 1598
 sum_p: 1598 -1861.1402381 6545.92325397 -8.40706349206
 1599
 sum_p: 1599 -1841.7902381 6375.19388889 -8.21698412698
 1600
 sum_p: 1600 -1854.27904762 6524.76857143 -8.37904761905
 1601
 sum_p: 1601 -1865.71849206 6719.0434127 -8.58476190476
 1602
 sum_p: 1602 -1850.39547619 6892.14420635 -8.74253968254
 1603
 sum_p: 1603 -1851.23722222 6710.50880952 -8.56174603175
 1604
 sum_p: 1604 -1850.37730159 6607.24174603 -8.45761904762
 1605
 sum_p: 1605 -1850.64492063 6631.02174603 -8.48166666667
 1606
 sum_p: 1606 -1854.5797619 6612.24563492 -8.46682539683
 1607
 sum_p: 1607 -1850.44277778 6550.19214286 -8.40063492063
 1608
 sum_p: 1608 -1829.13984127 6582.92365079 -8.41206349206
 1609
 sum_p: 1609 -1854.1184127 6424.29428571 -8.27841269841
 1610
 sum_p: 1610 -1851.51531746 6544.35769841 -8.39587301587
 1611
 sum_p: 1611 -1840.43880952 6411.7834127 -8.25222222222
 1612
 sum_p: 1612 -1851.98119048 6857.54261905 -8.70952380952
 1613
 sum_p: 1613 -1857.37722222 6655.40055556 -8.51277777778
 1614
 sum_p: 1614 -1846.94357143 6602.02468254 -8.44896825397
 1615
 sum_p: 1615 -1858.99920635 6505.4452381 -8.36444444444
 1616
 sum_p: 1616 -1843.8747619 6705.01412698 -8.54888888889
 1617
 sum_p: 1617 -1850.4397619 6528.3697619 -8.37880952381
 1618
 sum_p: 1618 -1843.95055556 6752.95420635 -8.5969047619
 1619
 sum_p: 1619 -1850.64619048 6631.02047619 -8.48166666667
 1620
 sum_p: 1620 -1853.72126984 6566.83428571 -8.42055555556
 1621
 sum_p: 1621 -1852.41674603 6498.13880952 -8.35055555556
 1622
 sum_p: 1622 -1841.13214286 6722.20119048 -8.56333333333
 1623
 sum_p: 1623 -1843.76063492 6578.62031746 -8.42238095238
 1624
 sum_p: 1624 -1840.71825397 6412.53571429 -8.25325396825
 1625
 sum_p: 1625 -1845.46214286 6871.52198413 -8.71698412698
 1626
 sum_p: 1626 -1838.07015873 6477.40603175 -8.31547619048
 1627
 sum_p: 1627 -1845.64142857 6644.12047619 -8.48976190476
 1628
 sum_p: 1628 -1841.77801587 6592.50769841 -8.43428571429
 1629
 sum_p: 1629 -1834.08587302 6389.88238095 -8.22396825397
 1630
 sum_p: 1630 -1835.85206349 6786.13206349 -8.62198412698
 1631
