 0
 sum_p: 0 -3883.57309524 4824.79992063 -8.70837301587
 1
 sum_p: 1 -3888.72619048 4807.74206349 -8.69646825397
 2
 sum_p: 2 -3895.59904762 4829.04380952 -8.72464285714
 3
 sum_p: 3 -3883.79845238 4852.35234127 -8.73615079365
 4
 sum_p: 4 -3880.33202381 4855.14416667 -8.73547619048
 5
 sum_p: 5 -3881.69880952 4797.94404762 -8.67964285714
 6
 sum_p: 6 -3877.39555556 4860.42190476 -8.73781746032
 7
 sum_p: 7 -3880.21535714 4794.70527778 -8.67492063492
 8
 sum_p: 8 -3870.59630952 4736.30845238 -8.6069047619
 9
 sum_p: 9 -3876.58178571 4807.0293254 -8.68361111111
 10
 sum_p: 10 -3874.71027778 4847.55162698 -8.72226190476
 11
 sum_p: 11 -3872.50861111 4716.45964286 -8.58896825397
 12
 sum_p: 12 -3871.28730159 4803.63333333 -8.67492063492
 13
 sum_p: 13 -3866.11531746 4911.70214286 -8.77781746032
 14
 sum_p: 14 -3858.59968254 4791.32095238 -8.64992063492
 15
 sum_p: 15 -3863.05492063 4895.71492063 -8.75876984127
 16
 sum_p: 16 -3872.17515873 4802.03119048 -8.67420634921
 17
 sum_p: 17 -3862.24865079 4787.27515873 -8.64952380952
 18
 sum_p: 18 -3855.50484127 4713.50309524 -8.56900793651
 19
 sum_p: 19 -3848.59202381 4854.26511905 -8.70285714286
 20
 sum_p: 20 -3853.66511905 4850.69996032 -8.70436507937
 21
 sum_p: 21 -3850.05857143 4804.18746032 -8.65424603175
 22
 sum_p: 22 -3847.90730159 4892.13238095 -8.74003968254
 23
 sum_p: 23 -3846.39996032 4951.53654762 -8.79793650794
 24
 sum_p: 24 -3843.40345238 4897.23146825 -8.74063492063
 25
 sum_p: 25 -3836.89428571 4914.37555556 -8.75126984127
 26
 sum_p: 26 -3835.71186508 4881.2722619 -8.71698412698
 27
 sum_p: 27 -3835.70146825 4971.28265873 -8.80698412698
 28
 sum_p: 28 -3836.10615079 4935.56051587 -8.77166666667
 29
 sum_p: 29 -3836.30706349 4875.83579365 -8.71214285714
 30
 sum_p: 30 -3831.81242063 4888.2272619 -8.72003968254
 31
 sum_p: 31 -3825.09623016 4930.93551587 -8.75603174603
 32
 sum_p: 32 -3829.86456349 4887.11956349 -8.71698412698
 33
 sum_p: 33 -3824.6634127 4837.6381746 -8.6623015873
 34
 sum_p: 34 -3822.1052381 4890.71222222 -8.71281746032
 35
 sum_p: 35 -3824.46325397 4832.24309524 -8.65670634921
 36
 sum_p: 36 -3812.89539683 4963.09666667 -8.77599206349
 37
 sum_p: 37 -3821.79980159 4791.77162698 -8.61357142857
 38
 sum_p: 38 -3824.89369048 4910.02694444 -8.73492063492
 39
 sum_p: 39 -3821.86214286 4821.78865079 -8.64365079365
 40
 sum_p: 40 -3815.24805556 4848.28369048 -8.66353174603
 41
 sum_p: 41 -3819.17730159 4859.91 -8.67908730159
 42
 sum_p: 42 -3822.15206349 4851.37968254 -8.67353174603
 43
 sum_p: 43 -3826.45246032 4923.70626984 -8.75015873016
 44
 sum_p: 44 -3821.30940476 4837.65884921 -8.65896825397
 45
 sum_p: 45 -3818.65484127 4891.38484127 -8.71003968254
 46
 sum_p: 46 -3827.90615079 4880.90337302 -8.70880952381
 47
 sum_p: 47 -3825.08833333 4858.4434127 -8.68353174603
 48
 sum_p: 48 -3812.98738095 4919.43325397 -8.73242063492
 49
 sum_p: 49 -3813.00678571 4850.56464286 -8.66357142857
 50
 sum_p: 50 -3815.20079365 4869.83888889 -8.68503968254
 51
 sum_p: 51 -3813.03206349 4857.32507937 -8.67035714286
 52
 sum_p: 52 -3813.93186508 4910.27448413 -8.72420634921
 53
 sum_p: 53 -3812.6127381 4919.80789683 -8.73242063492
 54
 sum_p: 54 -3803.74980159 4971.28988095 -8.77503968254
 55
 sum_p: 55 -3807.74301587 4970.07444444 -8.77781746032
 56
 sum_p: 56 -3807.63190476 4798.32047619 -8.60595238095
 57
 sum_p: 57 -3814.56861111 4892.85202381 -8.70742063492
 58
 sum_p: 58 -3809.93575397 4895.06424603 -8.705
 59
 sum_p: 59 -3818.24503968 4910.8422619 -8.72908730159
 60
 sum_p: 60 -3815.42690476 4857.98579365 -8.67341269841
 61
 sum_p: 61 -3806.31980159 4910.2675 -8.71658730159
 62
 sum_p: 62 -3808.0097619 4886.63309524 -8.69464285714
 63
 sum_p: 63 -3811.78996032 4763.40845238 -8.5751984127
 64
 sum_p: 64 -3798.34805556 4938.00115079 -8.73634920635
 65
 sum_p: 65 -3810.75416667 4850.83313492 -8.66158730159
 66
 sum_p: 66 -3797.8025 5003.34829365 -8.80115079365
 67
 sum_p: 67 -3792.47730159 4922.40365079 -8.71488095238
 68
 sum_p: 68 -3777.87202381 4958.0406746 -8.73591269841
 69
 sum_p: 69 -3783.27222222 4890.93412698 -8.67420634921
 70
 sum_p: 70 -3790.79916667 4948.40718254 -8.73920634921
 71
 sum_p: 71 -3789.78801587 4879.02150794 -8.66880952381
 72
 sum_p: 72 -3779.61071429 4922.13531746 -8.70174603175
 73
 sum_p: 73 -3780.7327381 4830.65615079 -8.61138888889
 74
 sum_p: 74 -3776.03051587 4957.62027778 -8.73365079365
 75
 sum_p: 75 -3779.73873016 4899.22952381 -8.67896825397
 76
 sum_p: 76 -3773.3540873 4970.57448413 -8.74392857143
 77
 sum_p: 77 -3774.40988095 5001.7409127 -8.77615079365
 78
 sum_p: 78 -3761.02047619 4860.05095238 -8.62107142857
 79
 sum_p: 79 -3766.33321429 4952.03980159 -8.71837301587
 80
 sum_p: 80 -3767.38396825 4888.7668254 -8.65615079365
 81
 sum_p: 81 -3770.7315873 4961.9668254 -8.7326984127
 82
 sum_p: 82 -3770.02646825 4879.61638889 -8.64964285714
 83
 sum_p: 83 -3765.49861111 4925.29503968 -8.69079365079
 84
 sum_p: 84 -3768.93376984 4910.03448413 -8.67896825397
 85
 sum_p: 85 -3758.64543651 4900.99742063 -8.65964285714
 86
 sum_p: 86 -3772.66404762 4892.6534127 -8.66531746032
 87
 sum_p: 87 -3759.91353175 4962.62615079 -8.72253968254
 88
 sum_p: 88 -3769.82257937 4927.99488095 -8.69781746032
 89
 sum_p: 89 -3752.58857143 4916.77650794 -8.66936507937
 90
 sum_p: 90 -3754.79789683 4965.83702381 -8.72063492063
 91
 sum_p: 91 -3746.94900794 5048.36845238 -8.79531746032
 92
 sum_p: 92 -3749.64130952 4963.96980159 -8.71361111111
 93
 sum_p: 93 -3747.06087302 4900.91531746 -8.64797619048
 94
 sum_p: 94 -3750.86484127 4925.8018254 -8.67666666667
 95
 sum_p: 95 -3749.43444444 4865.24809524 -8.61468253968
 96
 sum_p: 96 -3752.39615079 4960.42130952 -8.71281746032
 97
 sum_p: 97 -3747.32607143 4909.53900794 -8.65686507937
 98
 sum_p: 98 -3745.98047619 4925.21 -8.67119047619
 99
 sum_p: 99 -3741.7522619 4932.89059524 -8.67464285714
 '[0.0, 0.7, 0.2, 0.7, 0.0, 0.0, 0.0, 0.0, 0.0, 0.0, 0.0, 0.0, 0.0, 0.0, 0.4, 0.0, 0.0, 0.0, 0.0, 0.0, 0.0, 0.8, 0.0, 0.0, 0.0, 0.0, 0.0, 0.0, 0.0, 0.0, 0.0, 0.0, 0.0, 0.0, 0.0, 0.0, 0.0, 0.0, 0.6, 0.0, 0.0, 0.0, 0.9, 0.0, 0.0, 0.3, 0.0, 0.0, 0.0, 0.0, 0.0, 0.0, 0.1, 0.0, 0.0, 0.0, 0.0, 0.0, 0.0, 0.0, 0.0, 0.0, 0.0, 0.0, 0.0, 0.0, 0.0, 0.0, 0.0, 0.0, 0.0, 0.0, 0.0, 0.0, 0.0, 0.0, 0.0, 0.0, 0.0, 0.0, 0.0, 0.0, 0.0, 0.4, 0.0, 0.0, 0.0, 0.0, 0.0, 0.0, 0.0, 0.0, 0.0, 0.0, 0.0, 0.0, 0.0, 0.0, 0.0, 0.0, 0.1, 0.1, 0.1, 0.1, 0.1, 0.1, 0.4, 0.1, 0.1, 0.1, 0.1, 0.1, 0.1, 0.1, 0.1, 0.1, 0.1, 0.1, 0.7, 0.1, 0.1, 0.1, 0.1, 0.1, 0.1, 0.1, 0.1, 0.1, 0.1, 0.1, 0.1, 0.1, 0.1, 0.1, 0.1, 0.1, 0.1, 0.1, 0.1, 0.1, 0.1, 0.1, 0.1, 0.1, 0.1, 0.1, 0.1, 0.3, 0.1, 0.1, 0.1, 0.1, 0.1, 0.1, 0.1, 0.1, 0.1, 0.1, 0.1, 0.1, 0.2, 0.1, 0.1, 0.1, 0.1, 0.1, 0.1, 0.1, 0.1, 0.1, 0.1, 0.1, 0.1, 0.1, 0.1, 0.1, 0.1, 0.1, 0.1, 0.1, 0.1, 0.1, 0.1, 0.0, 0.1, 0.6, 0.1, 0.1, 0.1, 0.1, 0.1, 0.1, 0.1, 0.5, 0.1, 0.1, 0.1, 0.1, 0.1, 0.1, 0.2, 0.3, 0.2, 0.2, 0.2, 0.2, 0.2, 0.2, 0.2, 0.2, 0.2, 0.2, 0.3, 0.5, 0.4, 0.1, 0.2, 0.2, 0.2, 0.2, 0.2, 0.2, 0.2, 0.2, 0.2, 0.2, 0.2, 0.5, 0.2, 0.1, 0.2, 0.2, 0.2, 0.2, 0.2, 0.2, 0.2, 0.2, 0.2, 0.2, 0.2, 0.2, 0.2, 0.2, 0.2, 0.2, 0.2, 0.2, 0.2, 0.2, 0.2, 0.4, 0.2, 0.2, 0.2, 0.2, 0.2, 0.2, 0.2, 0.2, 0.2, 0.2, 0.2, 0.2, 0.2, 0.2, 0.2, 0.2, 0.2, 0.2, 0.2, 0.2, 0.4, 0.2, 0.2, 0.2, 0.2, 0.2, 0.2, 0.2, 0.2, 0.2, 0.2, 0.2, 0.2, 0.2, 0.2, 0.2, 0.2, 0.2, 0.2, 0.2, 0.2, 0.2, 0.2, 0.2, 0.2, 0.2, 0.2, 0.2, 0.3, 0.3, 0.1, 0.3, 0.3, 0.3, 0.3, 0.3, 0.3, 0.3, 0.3, 0.3, 0.3, 0.3, 0.3, 0.3, 0.3, 0.3, 0.3, 0.3, 0.3, 0.3, 0.3, 0.0, 0.3, 0.3, 0.3, 0.4, 0.3, 0.2, 0.3, 0.3, 0.3, 0.3, 0.3, 0.3, 0.3, 0.3, 0.3, 0.3, 0.3, 0.3, 0.0, 0.3, 0.3, 0.3, 0.3, 0.3, 0.3, 0.3, 0.3, 0.3, 0.3, 0.3, 0.3, 0.3, 0.3, 0.3, 0.3, 0.3, 0.3, 0.3, 0.3, 0.3, 0.3, 0.2, 0.3, 0.3, 0.3, 0.3, 0.3, 0.3, 0.3, 0.3, 0.3, 0.3, 0.3, 0.3, 0.3, 0.3, 0.3, 0.3, 0.3, 0.3, 0.3, 0.3, 0.3, 0.3, 0.3, 0.0, 0.3, 0.5, 0.3, 0.3, 0.3, 0.3, 0.6, 0.3, 0.3, 0.3, 0.4, 0.4, 0.4, 0.4, 0.4, 0.4, 0.0, 0.4, 0.4, 0.4, 0.4, 0.4, 0.4, 0.4, 0.4, 0.4, 0.4, 0.4, 0.4, 0.3, 0.4, 0.4, 0.4, 0.4, 0.4, 0.8, 0.4, 0.4, 0.5, 0.5, 0.4, 0.4, 0.3, 0.4, 0.4, 0.4, 0.4, 0.4, 0.4, 0.4, 0.4, 0.4, 0.4, 0.4, 0.4, 0.4, 0.4, 0.4, 0.4, 0.4, 0.4, 0.0, 0.4, 0.4, 0.4, 0.4, 0.4, 0.4, 0.4, 0.4, 0.4, 0.4, 0.4, 0.4, 0.2, 0.4, 0.4, 0.4, 0.4, 0.4, 0.4, 0.4, 0.4, 0.4, 0.4, 0.4, 0.0, 0.4, 0.4, 0.4, 0.4, 0.4, 0.4, 0.1, 0.4, 0.4, 0.4, 0.4, 0.4, 0.4, 0.4, 0.4, 0.4, 0.4, 0.4, 0.1, 0.4, 0.4, 0.4, 0.4, 0.5, 0.5, 0.5, 0.5, 0.5, 0.5, 0.5, 0.5, 0.5, 0.5, 0.5, 0.5, 0.5, 0.5, 0.5, 0.5, 0.5, 0.5, 0.5, 0.5, 0.5, 0.5, 0.5, 0.5, 0.5, 0.5, 0.5, 0.5, 0.5, 0.5, 0.5, 0.5, 0.1, 0.5, 0.5, 0.5, 0.5, 0.3, 0.5, 0.5, 0.5, 0.5, 0.5, 0.5, 0.5, 0.5, 0.5, 0.5, 0.5, 0.5, 0.5, 0.5, 0.5, 0.5, 0.5, 0.5, 0.5, 0.5, 0.5, 0.5, 0.5, 0.5, 0.5, 0.7, 0.5, 0.5, 0.5, 0.5, 0.5, 0.0, 0.5, 0.5, 0.5, 0.5, 0.5, 0.5, 0.5, 0.5, 0.5, 0.5, 0.5, 0.5, 0.5, 0.5, 0.5, 0.5, 0.5, 0.2, 0.5, 0.5, 0.5, 0.5, 0.5, 0.5, 0.5, 0.5, 0.5, 0.5, 0.0, 0.5, 0.0, 0.6, 0.1, 0.6, 0.6, 0.6, 0.6, 0.6, 0.6, 0.6, 0.6, 0.3, 0.6, 0.6, 0.6, 0.6, 0.6, 0.6, 0.6, 0.0, 0.6, 0.6, 0.6, 0.6, 0.6, 0.6, 0.6, 0.6, 0.6, 0.6, 0.6, 0.6, 0.6, 0.6, 0.6, 0.1, 0.6, 0.5, 0.6, 0.6, 0.6, 0.6, 0.6, 0.6, 0.6, 0.6, 0.6, 0.6, 0.6, 0.6, 0.6, 0.6, 0.6, 0.2, 0.6, 0.6, 0.6, 0.6, 0.6, 0.6, 0.6, 0.3, 0.6, 0.6, 0.6, 0.6, 0.6, 0.6, 0.6, 0.6, 0.6, 0.6, 0.6, 0.6, 0.6, 0.6, 0.6, 0.6, 0.6, 0.6, 0.6, 0.6, 0.6, 0.6, 0.6, 0.6, 0.6, 0.6, 0.6, 0.6, 0.6, 0.6, 0.5, 0.6, 0.6, 0.6, 0.6, 0.6, 0.6, 0.6, 0.0, 0.7, 0.7, 0.7, 0.0, 0.7, 0.7, 0.7, 0.7, 0.7, 0.7, 0.7, 0.7, 0.7, 0.7, 0.7, 0.7, 0.3, 0.7, 0.7, 0.7, 0.7, 0.7, 0.7, 0.7, 0.7, 0.5, 0.7, 0.7, 0.7, 0.7, 0.0, 0.2, 0.7, 0.7, 0.7, 0.7, 0.7, 0.7, 0.7, 0.7, 0.7, 0.7, 0.7, 0.0, 0.7, 0.7, 0.7, 0.7, 0.7, 0.1, 0.7, 0.7, 0.7, 0.7, 0.7, 0.7, 0.7, 0.7, 0.0, 0.7, 0.1, 0.7, 0.7, 0.7, 0.2, 0.7, 0.7, 0.7, 0.7, 0.7, 0.7, 0.1, 0.7, 0.7, 0.7, 0.7, 0.7, 0.7, 0.7, 0.7, 0.0, 0.7, 0.7, 0.7, 0.7, 0.7, 0.7, 0.7, 0.7, 0.7, 0.7, 0.7, 0.7, 0.7, 0.7, 0.7, 0.7, 0.7, 0.7, 0.8, 0.8, 0.8, 0.8, 0.8, 0.8, 0.6, 0.8, 0.8, 0.8, 0.8, 0.8, 0.8, 0.8, 0.8, 0.8, 0.8, 0.8, 0.8, 0.8, 0.8, 0.8, 0.8, 0.8, 0.8, 0.8, 0.8, 0.8, 0.8, 0.8, 0.8, 0.8, 0.8, 0.1, 0.8, 0.8, 0.8, 0.8, 0.8, 0.8, 0.0, 0.8, 0.8, 0.8, 0.8, 0.8, 0.8, 0.8, 0.8, 0.8, 0.8, 0.8, 0.8, 0.8, 0.8, 0.8, 0.8, 0.8, 0.8, 0.8, 0.1, 0.8, 0.8, 0.8, 0.8, 0.8, 0.8, 0.8, 0.8, 0.8, 0.8, 0.8, 0.8, 0.8, 0.8, 0.8, 0.8, 0.8, 0.8, 0.8, 0.8, 0.8, 0.8, 0.8, 0.8, 0.8, 0.8, 0.8, 0.8, 0.8, 0.8, 0.8, 0.8, 0.8, 0.8, 0.8, 0.8, 0.8, 0.8, 0.8, 0.9, 0.9, 0.9, 0.9, 0.9, 0.9, 0.9, 0.9, 0.9, 0.9, 0.9, 0.9, 0.9, 0.9, 0.9, 0.9, 0.9, 0.1, 0.9, 0.9, 0.9, 0.9, 0.9, 0.9, 0.4, 0.9, 0.9, 0.9, 0.9, 0.9, 0.9, 0.9, 0.9, 0.9, 0.9, 0.9, 0.9, 0.9, 0.9, 0.9, 0.9, 0.9, 0.9, 0.9, 0.9, 0.9, 0.9, 0.9, 0.9, 0.9, 0.9, 0.9, 0.1, 0.9, 0.9, 0.9, 0.9, 0.9, 0.9, 0.9, 0.9, 0.9, 0.9, 0.9, 0.9, 0.9, 0.9, 0.0, 0.9, 0.9, 0.9, 0.9, 0.9, 0.9, 0.9, 0.9, 0.9, 0.9, 0.9, 0.9, 0.9, 0.9, 0.9, 0.9, 0.9, 0.9, 0.9, 0.9, 0.9, 0.9, 0.1, 0.2, 0.9, 0.9, 0.9, 0.9, 0.9, 0.9, 0.9, 0.9]'
 0
 sum_p: 0 1717.9234127 7534.98690476 -5.81706349206
 1
 sum_p: 1 1662.37301587 7539.35714286 -5.87698412698
 2
 sum_p: 2 1709.91706349 7849.20277778 -6.13928571429
 3
 sum_p: 3 1748.56507937 7736.66031746 -5.9880952381
 4
 sum_p: 4 1733.95793651 7978.79920635 -6.24484126984
 5
 sum_p: 5 1693.82896825 7373.59087302 -5.67976190476
 6
 sum_p: 6 1708.12261905 7229.55119048 -5.52142857143
 7
 sum_p: 7 1742.14206349 7930.23730159 -6.1880952381
 8
 sum_p: 8 1679.30079365 7556.28492063 -5.87698412698
 9
 sum_p: 9 1670.81865079 7314.46944444 -5.64365079365
 10
 sum_p: 10 1645.24444444 7591.67301587 -5.94642857143
 11
 sum_p: 11 1765.2702381 7918.44484127 -6.15317460317
 12
 sum_p: 12 1728.26904762 8352.07857143 -6.62380952381
 13
 sum_p: 13 1740.21944444 8171.1718254 -6.43095238095
 14
 sum_p: 14 1723.69285714 6588.37539683 -4.86468253968
 15
 sum_p: 15 1732.13452381 7281.34087302 -5.54920634921
 16
 sum_p: 16 1747.13333333 7700.30793651 -5.95317460317
 17
 sum_p: 17 1652.87777778 7935.41746032 -6.28253968254
 18
 sum_p: 18 1719.7952381 8044.0015873 -6.32420634921
 19
 sum_p: 19 1756.38095238 7598.44444444 -5.84206349206
 20
 sum_p: 20 1687.48055556 7571.60753968 -5.88412698413
 21
 sum_p: 21 1774.35714286 8424.75396825 -6.6503968254
 22
 sum_p: 22 1708.26666667 7474.13968254 -5.76587301587
 23
 sum_p: 23 1716.82301587 7664.83888889 -5.94801587302
 24
 sum_p: 24 1696.56428571 8194.18333333 -6.49761904762
 25
 sum_p: 25 1733.99642857 7934.79007937 -6.20079365079
 26
 sum_p: 26 1745.96111111 7565.80238095 -5.81984126984
 27
 sum_p: 27 1765.29444444 8458.9452381 -6.69365079365
 28
 sum_p: 28 1685.4265873 7267.96626984 -5.58253968254
 29
 sum_p: 29 1744.28809524 7487.93888889 -5.74365079365
 30
 sum_p: 30 1706.14801587 7752.5765873 -6.04642857143
 31
 sum_p: 31 1709.48809524 7483.69444444 -5.77420634921
 32
 sum_p: 32 1749.95357143 8628.1281746 -6.87817460317
 33
 sum_p: 33 1731.2047619 7577.63333333 -5.84642857143
 34
 sum_p: 34 1715.32420635 8342.30833333 -6.62698412698
 35
 sum_p: 35 1721.75674603 7873.74087302 -6.15198412698
 36
 sum_p: 36 1702.34722222 7794.41071429 -6.09206349206
 37
 sum_p: 37 1789.26865079 8307.91944444 -6.51865079365
 38
 sum_p: 38 1746.83095238 7682.1484127 -5.93531746032
 39
 sum_p: 39 1710.09325397 8066.04563492 -6.35595238095
 40
 sum_p: 40 1746.925 8003.27420635 -6.25634920635
 41
 sum_p: 41 1756.64404762 7926.88214286 -6.17023809524
 42
 sum_p: 42 1744.11666667 8804.03730159 -7.05992063492
 43
 sum_p: 43 1707.02222222 7601.86349206 -5.89484126984
 44
 sum_p: 44 1767.0281746 7957.90119048 -6.19087301587
 45
 sum_p: 45 1734.56626984 7767.10595238 -6.03253968254
 46
 sum_p: 46 1768.01388889 7683.49007937 -5.91547619048
 47
 sum_p: 47 1787.70714286 7803.58015873 -6.01587301587
 48
 sum_p: 48 1776.91984127 7195.57063492 -5.41865079365
 49
 sum_p: 49 1792.35555556 7395.53015873 -5.60317460317
 50
 sum_p: 50 1683.46865079 8444.9765873 -6.76150793651
 51
 sum_p: 51 1803.83214286 6849.0702381 -5.04523809524
 52
 sum_p: 52 1726.71746032 7293.78095238 -5.56706349206
 53
 sum_p: 53 1810.47460317 8063.64920635 -6.25317460317
 54
 sum_p: 54 1752.70833333 8035.24801587 -6.28253968254
 55
 sum_p: 55 1775.41666667 7986.92460317 -6.21150793651
 56
 sum_p: 56 1833.99960317 8273.28531746 -6.43928571429
 57
 sum_p: 57 1743.5734127 8274.52579365 -6.53095238095
 58
 sum_p: 58 1794.14722222 7709.6234127 -5.91547619048
 59
 sum_p: 59 1824.26190476 8094.1031746 -6.26984126984
 60
 sum_p: 60 1804.90238095 8490.21984127 -6.68531746032
 61
 sum_p: 61 1719.04761905 7212.6984127 -5.49365079365
 62
 sum_p: 62 1796.95396825 8282.27142857 -6.48531746032
 63
 sum_p: 63 1792.20952381 8856.4952381 -7.06428571429
 64
 sum_p: 64 1813.67619048 7372.40634921 -5.55873015873
 65
 sum_p: 65 1800.70714286 8660.62777778 -6.85992063492
 66
 sum_p: 66 1769.68531746 7513.33611111 -5.74365079365
 67
 sum_p: 67 1826.05436508 7324.0702381 -5.49801587302
 68
 sum_p: 68 1770.08809524 7126.43730159 -5.35634920635
 69
 sum_p: 69 1758.29285714 7390.83253968 -5.63253968254
 70
 sum_p: 70 1859.06230159 8042.79246032 -6.18373015873
 71
 sum_p: 71 1846.51547619 7036.19801587 -5.18968253968
 72
 sum_p: 72 1847.10555556 7687.97857143 -5.84087301587
 73
 sum_p: 73 1899.88134921 7453.05595238 -5.55317460317
 74
 sum_p: 74 1848.00436508 7805.54404762 -5.95753968254
 75
 sum_p: 75 1844.95079365 8045.34761905 -6.2003968254
 76
 sum_p: 76 1834.38690476 8123.67261905 -6.28928571429
 77
 sum_p: 77 1801.10714286 8097.13888889 -6.29603174603
 78
 sum_p: 78 1856.98015873 8518.48809524 -6.66150793651
 79
 sum_p: 79 1861.35515873 7499.45039683 -5.6380952381
 80
 sum_p: 80 1842.58531746 8236.23611111 -6.39365079365
 81
 sum_p: 81 1842.13253968 8043.71984127 -6.20158730159
 82
 sum_p: 82 1891.19166667 7774.9218254 -5.88373015873
 83
 sum_p: 83 1895.03571429 8352.17857143 -6.45714285714
 84
 sum_p: 84 1866.6515873 7639.66746032 -5.77301587302
 85
 sum_p: 85 1873.80039683 7963.08611111 -6.08928571429
 86
 sum_p: 86 1941.61428571 8188.04285714 -6.24642857143
 87
 sum_p: 87 1862.25277778 8646.3797619 -6.78412698413
 88
 sum_p: 88 1938.51904762 7468.28095238 -5.52976190476
 89
 sum_p: 89 1950.94365079 8462.4515873 -6.51150793651
 90
 sum_p: 90 1893.84007937 7218.04642857 -5.32420634921
 91
 sum_p: 91 1922.29920635 8169.91825397 -6.24761904762
 92
 sum_p: 92 1950.32301587 8564.60873016 -6.61428571429
 93
 sum_p: 93 1954.54484127 7208.11626984 -5.25357142857
 94
 sum_p: 94 2014.92420635 7474.05119048 -5.45912698413
 95
 sum_p: 95 1949.38571429 8835.89365079 -6.88650793651
 96
 sum_p: 96 1900.23809524 7305.3968254 -5.40515873016
 97
 sum_p: 97 1955.38412698 8039.51111111 -6.08412698413
 98
 sum_p: 98 1972.87420635 7676.04880952 -5.70317460317
 99
 sum_p: 99 2015.96984127 8017.95396825 -6.00198412698
 '[0.0, 0.0, 0.0, 0.0, 0.0, 0.0, 0.0, 0.0, 0.0, 0.0, 0.0, 0.0, 0.1, 0.0, 0.0, 0.0, 0.0, 0.0, 0.0, 0.0, 0.0, 0.0, 0.4, 0.0, 0.0, 0.0, 0.0, 0.0, 0.0, 0.0, 0.0, 0.0, 0.0, 0.0, 0.5, 0.0, 0.0, 0.0, 0.0, 0.0, 0.0, 0.0, 0.0, 0.0, 0.0, 0.0, 0.0, 0.0, 0.0, 0.0, 0.0, 0.0, 0.0, 0.0, 0.0, 0.0, 0.0, 0.0, 0.0, 0.0, 0.0, 0.2, 0.0, 0.0, 0.0, 0.0, 0.0, 0.0, 0.7, 0.0, 0.0, 0.0, 0.0, 0.5, 0.0, 0.0, 0.0, 0.0, 0.0, 0.0, 0.0, 0.0, 0.0, 0.0, 0.0, 0.0, 0.0, 0.0, 0.0, 0.0, 0.0, 0.0, 0.0, 0.6, 0.0, 0.0, 0.0, 0.0, 0.0, 0.0, 0.1, 0.1, 0.1, 0.1, 0.1, 0.1, 0.1, 0.1, 0.1, 0.1, 0.1, 0.1, 0.1, 0.1, 0.1, 0.1, 0.2, 0.1, 0.1, 0.1, 0.1, 0.1, 0.1, 0.1, 0.1, 0.1, 0.1, 0.1, 0.1, 0.1, 0.1, 0.1, 0.2, 0.1, 0.1, 0.1, 0.1, 0.1, 0.1, 0.1, 0.1, 0.1, 0.1, 0.1, 0.1, 0.7, 0.1, 0.1, 0.1, 0.1, 0.1, 0.1, 0.1, 0.1, 0.0, 0.1, 0.1, 0.1, 0.1, 0.1, 0.1, 0.2, 0.1, 0.1, 0.1, 0.1, 0.1, 0.6, 0.1, 0.1, 0.1, 0.1, 0.6, 0.1, 0.2, 0.1, 0.0, 0.8, 0.1, 0.1, 0.1, 0.1, 0.1, 0.9, 0.1, 0.1, 0.1, 0.1, 0.1, 0.1, 0.1, 0.1, 0.1, 0.1, 0.1, 0.0, 0.1, 0.1, 0.1, 0.1, 0.2, 0.2, 0.2, 0.2, 0.2, 0.2, 0.2, 0.1, 0.2, 0.2, 0.2, 0.2, 0.2, 0.2, 0.2, 0.2, 0.2, 0.2, 0.2, 0.2, 0.2, 0.2, 0.2, 0.2, 0.2, 0.2, 0.2, 0.2, 0.2, 0.2, 0.2, 0.2, 0.2, 0.2, 0.2, 0.7, 0.2, 0.2, 0.2, 0.2, 0.2, 0.2, 0.2, 0.2, 0.2, 0.2, 0.2, 0.2, 0.2, 0.2, 0.2, 0.2, 0.2, 0.2, 0.2, 0.2, 0.2, 0.2, 0.2, 0.2, 0.2, 0.2, 0.2, 0.2, 0.8, 0.2, 0.2, 0.2, 0.5, 0.2, 0.2, 0.2, 0.2, 0.2, 0.4, 0.2, 0.2, 0.2, 0.2, 0.2, 0.2, 0.2, 0.2, 0.6, 0.2, 0.2, 0.2, 0.2, 0.2, 0.2, 0.2, 0.2, 0.2, 0.2, 0.2, 0.2, 0.2, 0.2, 0.2, 0.2, 0.3, 0.3, 0.3, 0.3, 0.3, 0.3, 0.3, 0.3, 0.8, 0.3, 0.3, 0.3, 0.3, 0.3, 0.3, 0.3, 0.3, 0.3, 0.1, 0.3, 0.3, 0.3, 0.2, 0.3, 0.3, 0.3, 0.3, 0.3, 0.3, 0.3, 0.3, 0.3, 0.3, 0.6, 0.3, 0.3, 0.3, 0.3, 0.3, 0.2, 0.3, 0.3, 0.3, 0.3, 0.3, 0.3, 0.3, 0.3, 0.3, 0.3, 0.3, 0.3, 0.3, 0.3, 0.3, 0.3, 0.3, 0.3, 0.3, 0.3, 0.3, 0.3, 0.3, 0.3, 0.3, 0.3, 0.3, 0.3, 0.3, 0.3, 0.3, 0.3, 0.3, 0.3, 0.3, 0.3, 0.3, 0.3, 0.3, 0.3, 0.3, 0.3, 0.3, 0.3, 0.3, 0.3, 0.3, 0.6, 0.3, 0.3, 0.3, 0.3, 0.3, 0.3, 0.3, 0.3, 0.3, 0.3, 0.3, 0.3, 0.4, 0.4, 0.4, 0.4, 0.4, 0.4, 0.4, 0.4, 0.4, 0.4, 0.3, 0.4, 0.4, 0.4, 0.4, 0.4, 0.4, 0.4, 0.0, 0.4, 0.4, 0.4, 0.4, 0.4, 0.4, 0.4, 0.4, 0.4, 0.4, 0.4, 0.2, 0.4, 0.4, 0.4, 0.4, 0.4, 0.4, 0.4, 0.3, 0.4, 0.4, 0.4, 0.4, 0.4, 0.4, 0.4, 0.4, 0.4, 0.4, 0.4, 0.5, 0.4, 0.4, 0.9, 0.4, 0.4, 0.4, 0.4, 0.8, 0.4, 0.4, 0.4, 0.4, 0.4, 0.4, 0.4, 0.4, 0.4, 0.4, 0.4, 0.4, 0.4, 0.4, 0.4, 0.4, 0.4, 0.4, 0.4, 0.4, 0.4, 0.4, 0.4, 0.4, 0.4, 0.7, 0.7, 0.4, 0.4, 0.4, 0.2, 0.4, 0.4, 0.4, 0.4, 0.4, 0.4, 0.4, 0.4, 0.4, 0.4, 0.5, 0.5, 0.5, 0.5, 0.5, 0.5, 0.5, 0.5, 0.5, 0.5, 0.5, 0.4, 0.5, 0.5, 0.5, 0.5, 0.5, 0.5, 0.5, 0.3, 0.5, 0.5, 0.2, 0.2, 0.5, 0.5, 0.4, 0.1, 0.5, 0.5, 0.5, 0.5, 0.5, 0.5, 0.5, 0.5, 0.5, 0.2, 0.5, 0.5, 0.5, 0.5, 0.5, 0.5, 0.5, 0.5, 0.5, 0.5, 0.5, 0.5, 0.2, 0.5, 0.5, 0.0, 0.6, 0.5, 0.6, 0.5, 0.5, 0.5, 0.5, 0.5, 0.5, 0.5, 0.3, 0.5, 0.5, 0.5, 0.5, 0.5, 0.4, 0.5, 0.5, 0.5, 0.5, 0.2, 0.5, 0.5, 0.5, 0.5, 0.5, 0.5, 0.5, 0.5, 0.5, 0.5, 0.5, 0.5, 0.5, 0.5, 0.5, 0.5, 0.5, 0.5, 0.3, 0.5, 0.5, 0.5, 0.5, 0.5, 0.6, 0.6, 0.6, 0.6, 0.6, 0.6, 0.6, 0.6, 0.6, 0.6, 0.4, 0.6, 0.6, 0.6, 0.6, 0.6, 0.6, 0.8, 0.6, 0.6, 0.6, 0.6, 0.6, 0.6, 0.6, 0.5, 0.6, 0.6, 0.6, 0.6, 0.6, 0.6, 0.6, 0.6, 0.6, 0.6, 0.6, 0.6, 0.6, 0.6, 0.6, 0.6, 0.6, 0.6, 0.6, 0.6, 0.6, 0.6, 0.6, 0.6, 0.6, 0.6, 0.6, 0.6, 0.6, 0.6, 0.6, 0.6, 0.6, 0.6, 0.6, 0.6, 0.6, 0.6, 0.6, 0.6, 0.6, 0.6, 0.6, 0.1, 0.6, 0.6, 0.2, 0.6, 0.6, 0.6, 0.6, 0.6, 0.6, 0.6, 0.6, 0.6, 0.6, 0.6, 0.6, 0.6, 0.6, 0.6, 0.5, 0.4, 0.6, 0.6, 0.6, 0.6, 0.6, 0.6, 0.6, 0.6, 0.6, 0.6, 0.7, 0.7, 0.7, 0.7, 0.7, 0.7, 0.7, 0.7, 0.7, 0.7, 0.7, 0.7, 0.7, 0.7, 0.7, 0.7, 0.7, 0.7, 0.7, 0.7, 0.7, 0.7, 0.3, 0.7, 0.7, 0.7, 0.7, 0.7, 0.7, 0.0, 0.7, 0.7, 0.7, 0.0, 0.6, 0.7, 0.7, 0.7, 0.7, 0.7, 0.7, 0.7, 0.7, 0.7, 0.7, 0.7, 0.2, 0.5, 0.7, 0.7, 0.7, 0.7, 0.7, 0.7, 0.7, 0.7, 0.7, 0.7, 0.0, 0.7, 0.7, 0.7, 0.7, 0.7, 0.7, 0.7, 0.7, 0.7, 0.7, 0.7, 0.7, 0.7, 0.7, 0.7, 0.7, 0.7, 0.7, 0.2, 0.7, 0.7, 0.7, 0.7, 0.7, 0.8, 0.7, 0.7, 0.3, 0.7, 0.7, 0.7, 0.7, 0.7, 0.7, 0.7, 0.7, 0.7, 0.7, 0.7, 0.7, 0.7, 0.4, 0.8, 0.8, 0.8, 0.8, 0.8, 0.8, 0.8, 0.4, 0.1, 0.8, 0.8, 0.8, 0.8, 0.2, 0.8, 0.8, 0.8, 0.8, 0.8, 0.8, 0.8, 0.8, 0.8, 0.8, 0.8, 0.8, 0.8, 0.4, 0.8, 0.8, 0.8, 0.8, 0.8, 0.8, 0.8, 0.8, 0.8, 0.8, 0.8, 0.8, 0.8, 0.8, 0.8, 0.8, 0.8, 0.8, 0.8, 0.8, 0.8, 0.8, 0.8, 0.8, 0.8, 0.8, 0.8, 0.8, 0.8, 0.8, 0.8, 0.8, 0.8, 0.8, 0.8, 0.7, 0.8, 0.8, 0.8, 0.8, 0.8, 0.5, 0.8, 0.6, 0.8, 0.8, 0.8, 0.8, 0.8, 0.8, 0.8, 0.4, 0.6, 0.8, 0.8, 0.5, 0.8, 0.8, 0.8, 0.8, 0.8, 0.8, 0.8, 0.8, 0.8, 0.8, 0.8, 0.8, 0.8, 0.8, 0.8, 0.9, 0.9, 0.9, 0.9, 0.9, 0.9, 0.9, 0.9, 0.9, 0.9, 0.9, 0.9, 0.9, 0.9, 0.9, 0.9, 0.3, 0.9, 0.9, 0.9, 0.9, 0.9, 0.9, 0.9, 0.9, 0.9, 0.9, 0.9, 0.9, 0.9, 0.9, 0.9, 0.9, 0.9, 0.2, 0.9, 0.3, 0.9, 0.9, 0.9, 0.9, 0.9, 0.9, 0.9, 0.9, 0.9, 0.9, 0.9, 0.9, 0.9, 0.9, 0.9, 0.9, 0.9, 0.6, 0.9, 0.9, 0.9, 0.4, 0.9, 0.9, 0.9, 0.9, 0.9, 0.9, 0.9, 0.9, 0.9, 0.9, 0.9, 0.9, 0.9, 0.9, 0.9, 0.9, 0.9, 0.9, 0.9, 0.9, 0.9, 0.9, 0.9, 0.9, 0.9, 0.9, 0.9, 0.9, 0.9, 0.9, 0.9, 0.9, 0.9, 0.9, 0.9, 0.9, 0.9, 0.5, 0.9, 0.9, 0.9]'
 0
 sum_p: 0 -3877.51142857 4917.25047619 -8.79476190476
 1
 sum_p: 1 -3882.11464286 4826.93297619 -8.70904761905
 2
 sum_p: 2 -3888.67936508 4828.3047619 -8.71698412698
 3
 sum_p: 3 -3889.21674603 4800.42611111 -8.68964285714
 4
 sum_p: 4 -3889.04095238 4784.21301587 -8.67325396825
 5
 sum_p: 5 -3877.76099206 4801.32630952 -8.67908730159
 6
 sum_p: 6 -3886.80734127 4817.5577381 -8.70436507937
 7
 sum_p: 7 -3886.12531746 5012.36674603 -8.89849206349
 8
 sum_p: 8 -3886.82460317 4736.42936508 -8.62325396825
 9
 sum_p: 9 -3882.86325397 4789.27960317 -8.67214285714
 10
 sum_p: 10 -3879.64480159 4900.67265873 -8.78031746032
 11
 sum_p: 11 -3880.17757937 4806.13194444 -8.68630952381
 12
 sum_p: 12 -3876.79912698 4864.19293651 -8.74099206349
 13
 sum_p: 13 -3878.44547619 4767.03071429 -8.64547619048
 14
 sum_p: 14 -3879.6834127 4778.84833333 -8.65853174603
 15
 sum_p: 15 -3865.84043651 4880.19130952 -8.74603174603
 16
 sum_p: 16 -3869.75484127 4838.06261905 -8.70781746032
 17
 sum_p: 17 -3872.00507937 4937.59809524 -8.8096031746
 18
 sum_p: 18 -3872.295 4737.78436508 -8.61007936508
 19
 sum_p: 19 -3871.79123016 4853.40718254 -8.7251984127
 20
 sum_p: 20 -3872.2865873 4798.74515873 -8.67103174603
 21
 sum_p: 21 -3873.20928571 4823.93357143 -8.69714285714
 22
 sum_p: 22 -3875.98742063 4762.98083333 -8.63896825397
 23
 sum_p: 23 -3868.25587302 4859.28380952 -8.72753968254
 24
 sum_p: 24 -3858.56694444 4812.18702381 -8.67075396825
 25
 sum_p: 25 -3875.21373016 4783.31801587 -8.65853174603
 26
 sum_p: 26 -3874.79484127 4842.34801587 -8.71714285714
 27
 sum_p: 27 -3868.78194444 4792.64662698 -8.66142857143
 28
 sum_p: 28 -3874.05630952 4812.25321429 -8.68630952381
 29
 sum_p: 29 -3872.05277778 4749.81230159 -8.62186507937
 30
 sum_p: 30 -3870.91690476 4723.72595238 -8.59464285714
 31
 sum_p: 31 -3867.64027778 4798.94702381 -8.66658730159
 32
 sum_p: 32 -3870.2518254 4756.21642857 -8.62646825397
 33
 sum_p: 33 -3858.89503968 4898.52559524 -8.75742063492
 34
 sum_p: 34 -3857.99757937 4918.15321429 -8.77615079365
 35
 sum_p: 35 -3852.43996032 4818.86956349 -8.67130952381
 36
 sum_p: 36 -3864.60130952 4865.59710317 -8.7301984127
 37
 sum_p: 37 -3855.70051587 4821.16456349 -8.67686507937
 38
 sum_p: 38 -3858.37011905 4883.89178571 -8.74226190476
 39
 sum_p: 39 -3855.45662698 4865.49575397 -8.72095238095
 40
 sum_p: 40 -3854.08301587 4752.90111111 -8.60698412698
 41
 sum_p: 41 -3853.14480159 4853.99805556 -8.70714285714
 42
 sum_p: 42 -3850.92460317 4805.78174603 -8.65670634921
 43
 sum_p: 43 -3845.62900794 4884.4106746 -8.73003968254
 44
 sum_p: 44 -3849.61710317 4927.80353175 -8.77742063492
 45
 sum_p: 45 -3850.55174603 4875.20222222 -8.72575396825
 46
 sum_p: 46 -3840.90043651 4819.09956349 -8.66
 47
 sum_p: 47 -3839.25337302 4856.50059524 -8.69575396825
 48
 sum_p: 48 -3838.80257937 5017.62599206 -8.85642857143
 49
 sum_p: 49 -3836.17789683 4858.18718254 -8.69436507937
 50
 sum_p: 50 -3832.95039683 4836.45436508 -8.6694047619
 51
 sum_p: 51 -3828.91666667 4865.28968254 -8.69420634921
 52
 sum_p: 52 -3829.41833333 4808.59753968 -8.63801587302
 53
 sum_p: 53 -3817.75333333 4827.60380952 -8.64535714286
 54
 sum_p: 54 -3828.46825397 4867.28571429 -8.69575396825
 55
 sum_p: 55 -3827.27825397 4897.88047619 -8.72515873016
 56
 sum_p: 56 -3817.77325397 4941.71087302 -8.75948412698
 57
 sum_p: 57 -3820.91690476 4868.05134921 -8.68896825397
 58
 sum_p: 58 -3824.08218254 4968.29876984 -8.79238095238
 59
 sum_p: 59 -3814.45563492 4934.75071429 -8.74920634921
 60
 sum_p: 60 -3810.88829365 4965.2625 -8.77615079365
 61
 sum_p: 61 -3807.86547619 4882.41230159 -8.69027777778
 62
 sum_p: 62 -3811.57162698 4987.07916667 -8.79865079365
 63
 sum_p: 63 -3813.7931746 4879.06396825 -8.69285714286
 64
 sum_p: 64 -3812.3168254 4858.71492063 -8.67103174603
 65
 sum_p: 65 -3808.51746032 4864.33968254 -8.67285714286
 66
 sum_p: 66 -3814.79230159 4838.14420635 -8.65293650794
 67
 sum_p: 67 -3813.03738095 4883.66896825 -8.69670634921
 68
 sum_p: 68 -3818.71075397 4902.71781746 -8.72142857143
 69
 sum_p: 69 -3804.89444444 4850.46269841 -8.65535714286
 70
 sum_p: 70 -3811.12162698 4961.2593254 -8.77238095238
 71
 sum_p: 71 -3798.37896825 4894.00198413 -8.69238095238
 72
 sum_p: 72 -3802.84559524 4904.97186508 -8.70781746032
 73
 sum_p: 73 -3788.62202381 4930.30654762 -8.71892857143
 74
 sum_p: 74 -3791.57115079 4872.79392857 -8.66436507937
 75
 sum_p: 75 -3795.05 5014.15634921 -8.80920634921
 76
 sum_p: 76 -3797.92349206 4933.22730159 -8.73115079365
 77
 sum_p: 77 -3784.2943254 4960.18980159 -8.74448412698
 78
 sum_p: 78 -3784.54222222 4860.81492063 -8.64535714286
 79
 sum_p: 79 -3787.13821429 4834.29035714 -8.62142857143
 80
 sum_p: 80 -3791.62388889 4852.89992063 -8.64452380952
 81
 sum_p: 81 -3794.7102381 4857.94849206 -8.65265873016
 82
 sum_p: 82 -3793.31126984 4918.51412698 -8.71182539683
 83
 sum_p: 83 -3797.81527778 4958.77202381 -8.75658730159
 84
 sum_p: 84 -3784.9447619 4920.01555556 -8.70496031746
 85
 sum_p: 85 -3788.38365079 4958.04492063 -8.74642857143
 86
 sum_p: 86 -3784.7565873 4950.95769841 -8.73571428571
 87
 sum_p: 87 -3783.44269841 4955.52555556 -8.73896825397
 88
 sum_p: 88 -3781.92980159 4861.32416667 -8.64325396825
 89
 sum_p: 89 -3777.47813492 4960.93456349 -8.73841269841
 90
 sum_p: 90 -3777.74837302 4840.22781746 -8.61797619048
 91
 sum_p: 91 -3780.78948413 4870.6390873 -8.65142857143
 92
 sum_p: 92 -3781.52952381 4950.29587302 -8.73182539683
 93
 sum_p: 93 -3778.27992063 4886.08515873 -8.66436507937
 94
 sum_p: 94 -3777.1202381 4948.35595238 -8.72547619048
 95
 sum_p: 95 -3770.2322619 4875.12488095 -8.64535714286
 96
 sum_p: 96 -3768.67630952 4963.58559524 -8.73226190476
 97
 sum_p: 97 -3761.68674603 4894.62277778 -8.65630952381
 98
 sum_p: 98 -3763.97757937 4912.80813492 -8.67678571429
 99
 sum_p: 99 -3773.32357143 4959.53357143 -8.73285714286
 '[0.2, 0.0, 0.0, 0.0, 0.0, 0.0, 0.0, 0.0, 0.0, 0.0, 0.0, 0.0, 0.0, 0.0, 0.0, 0.0, 0.0, 0.0, 0.0, 0.0, 0.0, 0.0, 0.7, 0.0, 0.0, 0.0, 0.0, 0.0, 0.0, 0.0, 0.0, 0.0, 0.0, 0.0, 0.0, 0.0, 0.0, 0.0, 0.0, 0.0, 0.0, 0.0, 0.0, 0.0, 0.0, 0.0, 0.0, 0.0, 0.0, 0.0, 0.0, 0.0, 0.0, 0.0, 0.6, 0.0, 0.0, 0.0, 0.0, 0.0, 0.0, 0.0, 0.0, 0.0, 0.0, 0.0, 0.0, 0.0, 0.0, 0.0, 0.0, 0.0, 0.0, 0.0, 0.0, 0.0, 0.0, 0.0, 0.0, 0.0, 0.0, 0.2, 0.0, 0.0, 0.5, 0.0, 0.0, 0.0, 0.0, 0.7, 0.0, 0.0, 0.0, 0.0, 0.0, 0.0, 0.0, 0.0, 0.0, 0.0, 0.1, 0.1, 0.1, 0.1, 0.1, 0.1, 0.1, 0.1, 0.1, 0.1, 0.1, 0.1, 0.1, 0.1, 0.1, 0.1, 0.0, 0.1, 0.1, 0.1, 0.1, 0.3, 0.1, 0.1, 0.1, 0.1, 0.1, 0.1, 0.1, 0.1, 0.1, 0.1, 0.1, 0.1, 0.1, 0.1, 0.1, 0.1, 0.1, 0.1, 0.1, 0.1, 0.1, 0.1, 0.1, 0.1, 0.1, 0.1, 0.1, 0.1, 0.1, 0.1, 0.1, 0.1, 0.1, 0.1, 0.1, 0.1, 0.1, 0.1, 0.1, 0.1, 0.1, 0.1, 0.2, 0.1, 0.3, 0.1, 0.1, 0.1, 0.1, 0.1, 0.1, 0.1, 0.9, 0.1, 0.1, 0.1, 0.1, 0.1, 0.1, 0.1, 0.1, 0.1, 0.1, 0.1, 0.1, 0.1, 0.3, 0.1, 0.1, 0.1, 0.1, 0.1, 0.1, 0.1, 0.1, 0.1, 0.1, 0.1, 0.2, 0.0, 0.4, 0.2, 0.1, 0.5, 0.2, 0.2, 0.2, 0.2, 0.2, 0.2, 0.2, 0.0, 0.2, 0.2, 0.1, 0.2, 0.2, 0.3, 0.2, 0.2, 0.2, 0.2, 0.2, 0.2, 0.2, 0.2, 0.3, 0.2, 0.2, 0.2, 0.2, 0.2, 0.2, 0.2, 0.2, 0.2, 0.5, 0.2, 0.2, 0.2, 0.2, 0.2, 0.2, 0.2, 0.2, 0.2, 0.2, 0.2, 0.2, 0.2, 0.3, 0.2, 0.8, 0.2, 0.2, 0.2, 0.2, 0.2, 0.2, 0.5, 0.2, 0.2, 0.2, 0.2, 0.2, 0.2, 0.2, 0.2, 0.2, 0.2, 0.2, 0.2, 0.2, 0.6, 0.2, 0.2, 0.2, 0.2, 0.2, 0.2, 0.1, 0.2, 0.2, 0.2, 0.2, 0.2, 0.2, 0.2, 0.2, 0.2, 0.2, 0.2, 0.2, 0.2, 0.2, 0.2, 0.2, 0.2, 0.3, 0.3, 0.3, 0.3, 0.3, 0.1, 0.3, 0.3, 0.3, 0.4, 0.3, 0.3, 0.3, 0.3, 0.3, 0.3, 0.3, 0.3, 0.3, 0.3, 0.3, 0.3, 0.3, 0.3, 0.3, 0.3, 0.2, 0.3, 0.4, 0.3, 0.3, 0.3, 0.3, 0.3, 0.3, 0.3, 0.3, 0.3, 0.3, 0.3, 0.3, 0.3, 0.3, 0.3, 0.3, 0.2, 0.3, 0.3, 0.3, 0.3, 0.2, 0.3, 0.3, 0.3, 0.3, 0.3, 0.3, 0.3, 0.3, 0.3, 0.3, 0.3, 0.3, 0.1, 0.3, 0.1, 0.3, 0.3, 0.7, 0.3, 0.3, 0.3, 0.3, 0.3, 0.0, 0.8, 0.3, 0.3, 0.3, 0.3, 0.3, 0.3, 0.3, 0.3, 0.3, 0.3, 0.3, 0.3, 0.3, 0.3, 0.3, 0.3, 0.3, 0.3, 0.3, 0.3, 0.3, 0.3, 0.3, 0.3, 0.4, 0.4, 0.4, 0.4, 0.4, 0.4, 0.4, 0.4, 0.4, 0.4, 0.4, 0.4, 0.4, 0.4, 0.4, 0.4, 0.4, 0.4, 0.4, 0.4, 0.4, 0.3, 0.0, 0.4, 0.4, 0.4, 0.4, 0.4, 0.4, 0.1, 0.4, 0.4, 0.4, 0.4, 0.4, 0.4, 0.4, 0.4, 0.4, 0.4, 0.4, 0.4, 0.3, 0.4, 0.4, 0.4, 0.4, 0.4, 0.4, 0.1, 0.4, 0.4, 0.4, 0.4, 0.1, 0.4, 0.4, 0.4, 0.4, 0.4, 0.4, 0.4, 0.4, 0.4, 0.4, 0.4, 0.4, 0.4, 0.2, 0.4, 0.4, 0.4, 0.2, 0.4, 0.4, 0.4, 0.3, 0.4, 0.4, 0.4, 0.4, 0.4, 0.4, 0.4, 0.4, 0.4, 0.4, 0.4, 0.4, 0.4, 0.4, 0.4, 0.4, 0.6, 0.4, 0.4, 0.4, 0.4, 0.4, 0.4, 0.5, 0.5, 0.5, 0.5, 0.5, 0.5, 0.5, 0.5, 0.2, 0.5, 0.5, 0.5, 0.5, 0.5, 0.5, 0.5, 0.5, 0.5, 0.5, 0.5, 0.5, 0.5, 0.5, 0.5, 0.5, 0.5, 0.5, 0.5, 0.6, 0.5, 0.5, 0.5, 0.5, 0.5, 0.5, 0.5, 0.5, 0.5, 0.5, 0.5, 0.5, 0.5, 0.5, 0.5, 0.7, 0.5, 0.5, 0.5, 0.5, 0.5, 0.5, 0.5, 0.0, 0.5, 0.5, 0.5, 0.5, 0.5, 0.5, 0.5, 0.5, 0.5, 0.5, 0.0, 0.2, 0.5, 0.5, 0.5, 0.5, 0.5, 0.5, 0.2, 0.5, 0.5, 0.5, 0.5, 0.5, 0.5, 0.5, 0.5, 0.5, 0.5, 0.5, 0.5, 0.5, 0.5, 0.5, 0.5, 0.5, 0.5, 0.5, 0.4, 0.5, 0.5, 0.5, 0.5, 0.5, 0.5, 0.5, 0.4, 0.6, 0.6, 0.6, 0.7, 0.6, 0.6, 0.6, 0.6, 0.6, 0.6, 0.6, 0.6, 0.6, 0.6, 0.6, 0.6, 0.6, 0.6, 0.6, 0.6, 0.6, 0.6, 0.6, 0.6, 0.6, 0.2, 0.6, 0.6, 0.6, 0.6, 0.6, 0.6, 0.6, 0.7, 0.3, 0.6, 0.6, 0.6, 0.6, 0.6, 0.6, 0.6, 0.6, 0.6, 0.6, 0.6, 0.6, 0.6, 0.6, 0.6, 0.6, 0.6, 0.6, 0.6, 0.6, 0.6, 0.6, 0.6, 0.6, 0.6, 0.6, 0.6, 0.6, 0.6, 0.6, 0.6, 0.6, 0.6, 0.3, 0.6, 0.6, 0.6, 0.6, 0.6, 0.6, 0.6, 0.6, 0.6, 0.5, 0.6, 0.6, 0.6, 0.6, 0.6, 0.6, 0.6, 0.6, 0.6, 0.6, 0.6, 0.6, 0.6, 0.6, 0.6, 0.6, 0.6, 0.6, 0.6, 0.6, 0.6, 0.7, 0.7, 0.0, 0.7, 0.7, 0.7, 0.0, 0.7, 0.7, 0.0, 0.7, 0.7, 0.7, 0.7, 0.7, 0.7, 0.7, 0.7, 0.7, 0.7, 0.7, 0.7, 0.2, 0.7, 0.7, 0.7, 0.7, 0.7, 0.7, 0.7, 0.7, 0.7, 0.7, 0.7, 0.7, 0.7, 0.7, 0.7, 0.7, 0.7, 0.7, 0.7, 0.7, 0.7, 0.7, 0.7, 0.0, 0.7, 0.7, 0.7, 0.7, 0.7, 0.7, 0.7, 0.7, 0.7, 0.0, 0.7, 0.7, 0.7, 0.7, 0.7, 0.7, 0.7, 0.7, 0.7, 0.7, 0.3, 0.7, 0.7, 0.7, 0.7, 0.7, 0.7, 0.7, 0.7, 0.7, 0.7, 0.7, 0.7, 0.7, 0.7, 0.3, 0.7, 0.7, 0.7, 0.7, 0.7, 0.7, 0.7, 0.3, 0.7, 0.0, 0.7, 0.7, 0.6, 0.7, 0.7, 0.7, 0.7, 0.8, 0.8, 0.1, 0.8, 0.8, 0.8, 0.8, 0.8, 0.8, 0.8, 0.8, 0.0, 0.8, 0.4, 0.8, 0.8, 0.8, 0.8, 0.1, 0.8, 0.8, 0.8, 0.8, 0.8, 0.8, 0.8, 0.3, 0.8, 0.8, 0.8, 0.8, 0.8, 0.8, 0.8, 0.8, 0.8, 0.8, 0.8, 0.8, 0.8, 0.8, 0.8, 0.8, 0.8, 0.8, 0.8, 0.8, 0.8, 0.8, 0.8, 0.8, 0.8, 0.8, 0.8, 0.8, 0.8, 0.8, 0.8, 0.8, 0.8, 0.8, 0.8, 0.8, 0.8, 0.4, 0.8, 0.8, 0.1, 0.8, 0.8, 0.8, 0.8, 0.8, 0.8, 0.8, 0.8, 0.8, 0.8, 0.8, 0.8, 0.8, 0.8, 0.8, 0.8, 0.8, 0.8, 0.8, 0.8, 0.8, 0.8, 0.8, 0.8, 0.8, 0.8, 0.3, 0.8, 0.8, 0.8, 0.8, 0.8, 0.9, 0.9, 0.9, 0.9, 0.9, 0.9, 0.9, 0.9, 0.9, 0.9, 0.9, 0.9, 0.9, 0.9, 0.9, 0.9, 0.9, 0.9, 0.9, 0.9, 0.9, 0.9, 0.2, 0.9, 0.3, 0.9, 0.9, 0.9, 0.9, 0.9, 0.9, 0.9, 0.9, 0.9, 0.9, 0.9, 0.9, 0.9, 0.9, 0.9, 0.9, 0.9, 0.9, 0.9, 0.9, 0.9, 0.9, 0.9, 0.9, 0.9, 0.9, 0.9, 0.9, 0.9, 0.9, 0.9, 0.9, 0.9, 0.3, 0.9, 0.9, 0.9, 0.9, 0.9, 0.9, 0.9, 0.9, 0.9, 0.4, 0.9, 0.9, 0.9, 0.9, 0.9, 0.9, 0.9, 0.9, 0.9, 0.9, 0.9, 0.9, 0.9, 0.9, 0.9, 0.9, 0.9, 0.9, 0.9, 0.9, 0.9, 0.9, 0.9, 0.9, 0.9, 0.9, 0.9, 0.9, 0.9, 0.0, 0.9]'
 0
 sum_p: 0 1689.62063492 8338.43015873 -6.64880952381
 1
 sum_p: 1 1691.96190476 7392.75555556 -5.70079365079
 2
 sum_p: 2 1639.44047619 8145.39285714 -6.50595238095
 3
 sum_p: 3 1778.79761905 7569.67063492 -5.79087301587
 4
 sum_p: 4 1740.78293651 7756.65595238 -6.01587301587
 5
 sum_p: 5 1698.87698413 7805.22619048 -6.10634920635
 6
 sum_p: 6 1729.16865079 7368.85119048 -5.63968253968
 7
 sum_p: 7 1749.46746032 8452.64206349 -6.70317460317
 8
 sum_p: 8 1673.53730159 6838.21984127 -5.16468253968
 9
 sum_p: 9 1758.41666667 8279.4484127 -6.52103174603
 10
 sum_p: 10 1825.52420635 7300.92103175 -5.4753968254
 11
 sum_p: 11 1668.77539683 7616.79126984 -5.94801587302
 12
 sum_p: 12 1731.13214286 6892.64007937 -5.16150793651
 13
 sum_p: 13 1756.12579365 8487.0781746 -6.73095238095
 14
 sum_p: 14 1689.63452381 7922.17420635 -6.23253968254
 15
 sum_p: 15 1675.95912698 7173.5781746 -5.49761904762
 16
 sum_p: 16 1746.30674603 8427.25912698 -6.68095238095
 17
 sum_p: 17 1707.86150794 7574.925 -5.86706349206
 18
 sum_p: 18 1721.99285714 8289.05634921 -6.56706349206
 19
 sum_p: 19 1699.60119048 7799.99801587 -6.1003968254
 20
 sum_p: 20 1775.23055556 7500.62738095 -5.7253968254
 21
 sum_p: 21 1706.30357143 8081.70039683 -6.3753968254
 22
 sum_p: 22 1769.25119048 8826.39404762 -7.05714285714
 23
 sum_p: 23 1670.89960317 7628.43928571 -5.95753968254
 24
 sum_p: 24 1606.67738095 7629.69325397 -6.02301587302
 25
 sum_p: 25 1778.45753968 8079.25119048 -6.30079365079
 26
 sum_p: 26 1717.56746032 7698.51984127 -5.98095238095
 27
 sum_p: 27 1722.41785714 7435.51309524 -5.7130952381
 28
 sum_p: 28 1707.86388889 7111.03849206 -5.40317460317
 29
 sum_p: 29 1726.18134921 8015.46706349 -6.28928571429
 30
 sum_p: 30 1745.75119048 7256.46547619 -5.51071428571
 31
 sum_p: 31 1727.10238095 8174.72142857 -6.44761904762
 32
 sum_p: 32 1785.41230159 7148.50753968 -5.3630952381
 33
 sum_p: 33 1726.82579365 7192.69880952 -5.46587301587
 34
 sum_p: 34 1717.79761905 6740.81349206 -5.02301587302
 35
 sum_p: 35 1741.44642857 7204.54166667 -5.4630952381
 36
 sum_p: 36 1776.19087302 6666.2702381 -4.89007936508
 37
 sum_p: 37 1764.62380952 6945.57619048 -5.18095238095
 38
 sum_p: 38 1705.03373016 7419.31944444 -5.71428571429
 39
 sum_p: 39 1772.82420635 7847.03055556 -6.07420634921
 40
 sum_p: 40 1824.93015873 8486.43809524 -6.66150793651
 41
 sum_p: 41 1740.65793651 7784.30873016 -6.04365079365
 42
 sum_p: 42 1790.84761905 8019.02222222 -6.22817460317
 43
 sum_p: 43 1727.92579365 7338.24325397 -5.61031746032
 44
 sum_p: 44 1731.0202381 7256.81388889 -5.52579365079
 45
 sum_p: 45 1748.99325397 7656.53293651 -5.90753968254
 46
 sum_p: 46 1829.80436508 8621.86785714 -6.79206349206
 47
 sum_p: 47 1784.58253968 8235.37619048 -6.45079365079
 48
 sum_p: 48 1761.85992063 8703.9234127 -6.94206349206
 49
 sum_p: 49 1749.90793651 7558.63809524 -5.80873015873
 50
 sum_p: 50 1857.66309524 8194.17103175 -6.33650793651
 51
 sum_p: 51 1770.37579365 8345.77261905 -6.5753968254
 52
 sum_p: 52 1765.8202381 6898.35992063 -5.13253968254
 53
 sum_p: 53 1759.05357143 8409.45039683 -6.6503968254
 54
 sum_p: 54 1819.87261905 6952.80912698 -5.13293650794
 55
 sum_p: 55 1832.90912698 8590.05198413 -6.75714285714
 56
 sum_p: 56 1729.35357143 7299.19484127 -5.56984126984
 57
 sum_p: 57 1759.46706349 6849.14960317 -5.08968253968
 58
 sum_p: 58 1807.10357143 8896.38928571 -7.08928571429
 59
 sum_p: 59 1833.89404762 6630.32261905 -4.79642857143
 60
 sum_p: 60 1835.33968254 7713.51428571 -5.87817460317
 61
 sum_p: 61 1827.9484127 8781.12301587 -6.95317460317
 62
 sum_p: 62 1769.49087302 7313.14166667 -5.54365079365
 63
 sum_p: 63 1817.70396825 7948.65634921 -6.13095238095
 64
 sum_p: 64 1912.48690476 7673.99484127 -5.76150793651
 65
 sum_p: 65 1895.11666667 8074.87857143 -6.17976190476
 66
 sum_p: 66 1900.0468254 7292.11031746 -5.39206349206
 67
 sum_p: 67 1905.83373016 8311.78611111 -6.40595238095
 68
 sum_p: 68 1920.95753968 8189.60833333 -6.26865079365
 69
 sum_p: 69 1903.50277778 8884.45515873 -6.98095238095
 70
 sum_p: 70 1880.09047619 9323.34444444 -7.44325396825
 71
 sum_p: 71 1929.42103175 9392.11944444 -7.4626984127
 72
 sum_p: 72 1978.25119048 7989.75912698 -6.01150793651
 73
 sum_p: 73 1958.92539683 7583.13174603 -5.62420634921
 74
 sum_p: 74 1941.33095238 7153.63253968 -5.2123015873
 75
 sum_p: 75 1865.67539683 8986.70714286 -7.12103174603
 76
 sum_p: 76 1867.37777778 8664.9968254 -6.79761904762
 77
 sum_p: 77 1921.63928571 7290.29007937 -5.36865079365
 78
 sum_p: 78 1942.84166667 7576.96865079 -5.63412698413
 79
 sum_p: 79 1904.14484127 8122.79563492 -6.21865079365
 80
 sum_p: 80 1981.63769841 7397.51071429 -5.41587301587
 81
 sum_p: 81 2026.83849206 9397.8702381 -7.37103174603
 82
 sum_p: 82 1970.43333333 7186.7031746 -5.21626984127
 83
 sum_p: 83 2040.49206349 9250.41269841 -7.20992063492
 84
 sum_p: 84 2077.2047619 9530.37936508 -7.45317460317
 85
 sum_p: 85 2044.48928571 8407.58452381 -6.3630952381
 86
 sum_p: 86 2011.50753968 7409.5234127 -5.39801587302
 87
 sum_p: 87 2109.49484127 8077.35198413 -5.96785714286
 88
 sum_p: 88 2122.93095238 8012.61349206 -5.88968253968
 89
 sum_p: 89 2039.57579365 7671.71865079 -5.63214285714
 90
 sum_p: 90 2043.47539683 8135.53888889 -6.09206349206
 91
 sum_p: 91 2102.9047619 7293.77777778 -5.19087301587
 92
 sum_p: 92 2020.88968254 7776.84206349 -5.75595238095
 93
 sum_p: 93 2099.25833333 7631.79801587 -5.53253968254
 94
 sum_p: 94 2032.06904762 7699.52936508 -5.66746031746
 95
 sum_p: 95 1997.40277778 7577.16468254 -5.57976190476
 96
 sum_p: 96 1968.99246032 7715.42103175 -5.74642857143
 97
 sum_p: 97 1962.27896825 7397.59642857 -5.43531746032
 98
 sum_p: 98 2045.08253968 8418.0984127 -6.37301587302
 99
 sum_p: 99 2032.89365079 7125.75079365 -5.09285714286
 '[0.0, 0.0, 0.0, 0.0, 0.0, 0.0, 0.9, 0.0, 0.0, 0.0, 0.0, 0.0, 0.0, 0.0, 0.9, 0.1, 0.6, 0.0, 0.0, 0.0, 0.0, 0.0, 0.0, 0.0, 0.0, 0.0, 0.0, 0.0, 0.0, 0.0, 0.0, 0.0, 0.0, 0.0, 0.0, 0.0, 0.0, 0.0, 0.0, 0.0, 0.0, 0.0, 0.0, 0.0, 0.0, 0.0, 0.0, 0.0, 0.0, 0.0, 0.0, 0.0, 0.0, 0.0, 0.0, 0.0, 0.0, 0.0, 0.0, 0.0, 0.0, 0.0, 0.0, 0.0, 0.3, 0.0, 0.0, 0.0, 0.0, 0.0, 0.6, 0.2, 0.0, 0.0, 0.0, 0.0, 0.0, 0.0, 0.0, 0.0, 0.6, 0.0, 0.0, 0.0, 0.0, 0.0, 0.1, 0.0, 0.0, 0.0, 0.0, 0.0, 0.0, 0.0, 0.0, 0.0, 0.0, 0.0, 0.0, 0.0, 0.1, 0.1, 0.1, 0.1, 0.1, 0.1, 0.1, 0.1, 0.1, 0.1, 0.1, 0.1, 0.1, 0.1, 0.2, 0.1, 0.1, 0.1, 0.1, 0.1, 0.1, 0.1, 0.1, 0.1, 0.1, 0.1, 0.1, 0.1, 0.1, 0.1, 0.1, 0.3, 0.1, 0.1, 0.1, 0.1, 0.1, 0.1, 0.1, 0.1, 0.1, 0.1, 0.1, 0.1, 0.1, 0.1, 0.1, 0.1, 0.1, 0.1, 0.1, 0.1, 0.1, 0.1, 0.1, 0.1, 0.1, 0.1, 0.7, 0.1, 0.6, 0.1, 0.1, 0.1, 0.1, 0.1, 0.2, 0.1, 0.1, 0.1, 0.1, 0.1, 0.1, 0.1, 0.1, 0.1, 0.1, 0.1, 0.1, 0.1, 0.1, 0.1, 0.1, 0.1, 0.1, 0.1, 0.1, 0.1, 0.1, 0.1, 0.1, 0.1, 0.1, 0.1, 0.1, 0.1, 0.1, 0.1, 0.1, 0.1, 0.2, 0.2, 0.2, 0.2, 0.2, 0.2, 0.2, 0.2, 0.2, 0.2, 0.0, 0.2, 0.2, 0.2, 0.2, 0.2, 0.2, 0.2, 0.2, 0.2, 0.2, 0.2, 0.2, 0.2, 0.2, 0.2, 0.2, 0.2, 0.2, 0.2, 0.2, 0.2, 0.2, 0.2, 0.2, 0.6, 0.2, 0.2, 0.2, 0.2, 0.2, 0.2, 0.2, 0.2, 0.2, 0.2, 0.2, 0.2, 0.2, 0.2, 0.2, 0.2, 0.2, 0.2, 0.2, 0.2, 0.7, 0.2, 0.2, 0.2, 0.2, 0.2, 0.2, 0.6, 0.2, 0.2, 0.2, 0.2, 0.2, 0.2, 0.2, 0.2, 0.2, 0.2, 0.2, 0.5, 0.2, 0.2, 0.2, 0.2, 0.2, 0.2, 0.2, 0.2, 0.2, 0.2, 0.2, 0.2, 0.2, 0.2, 0.2, 0.2, 0.2, 0.2, 0.2, 0.2, 0.2, 0.2, 0.2, 0.2, 0.3, 0.3, 0.3, 0.3, 0.3, 0.6, 0.3, 0.3, 0.8, 0.3, 0.3, 0.3, 0.3, 0.3, 0.3, 0.3, 0.3, 0.3, 0.3, 0.3, 0.3, 0.3, 0.3, 0.4, 0.3, 0.3, 0.3, 0.3, 0.3, 0.3, 0.3, 0.3, 0.2, 0.3, 0.3, 0.3, 0.3, 0.3, 0.3, 0.3, 0.3, 0.3, 0.3, 0.8, 0.3, 0.3, 0.3, 0.3, 0.3, 0.3, 0.3, 0.3, 0.3, 0.3, 0.3, 0.3, 0.3, 0.3, 0.3, 0.6, 0.3, 0.3, 0.3, 0.3, 0.3, 0.3, 0.3, 0.5, 0.3, 0.3, 0.6, 0.3, 0.3, 0.3, 0.3, 0.5, 0.3, 0.7, 0.3, 0.3, 0.3, 0.3, 0.3, 0.3, 0.3, 0.3, 0.3, 0.3, 0.3, 0.3, 0.3, 0.3, 0.3, 0.3, 0.7, 0.3, 0.3, 0.3, 0.3, 0.3, 0.4, 0.4, 0.4, 0.4, 0.4, 0.4, 0.4, 0.4, 0.4, 0.4, 0.4, 0.8, 0.4, 0.4, 0.4, 0.4, 0.4, 0.4, 0.4, 0.4, 0.4, 0.9, 0.4, 0.4, 0.4, 0.1, 0.4, 0.4, 0.4, 0.4, 0.4, 0.4, 0.4, 0.4, 0.4, 0.4, 0.4, 0.4, 0.4, 0.4, 0.4, 0.4, 0.4, 0.4, 0.4, 0.4, 0.4, 0.4, 0.4, 0.4, 0.4, 0.4, 0.4, 0.4, 0.4, 0.4, 0.4, 0.4, 0.4, 0.4, 0.4, 0.4, 0.4, 0.4, 0.4, 0.9, 0.5, 0.4, 0.4, 0.3, 0.4, 0.4, 0.4, 0.4, 0.4, 0.4, 0.4, 0.4, 0.4, 0.4, 0.4, 0.4, 0.0, 0.4, 0.7, 0.4, 0.5, 0.4, 0.4, 0.4, 0.4, 0.4, 0.4, 0.4, 0.2, 0.4, 0.4, 0.4, 0.4, 0.4, 0.5, 0.5, 0.5, 0.5, 0.5, 0.5, 0.5, 0.5, 0.5, 0.5, 0.5, 0.5, 0.5, 0.5, 0.2, 0.5, 0.5, 0.5, 0.5, 0.5, 0.5, 0.5, 0.5, 0.5, 0.5, 0.5, 0.5, 0.5, 0.5, 0.5, 0.5, 0.5, 0.5, 0.5, 0.5, 0.5, 0.5, 0.8, 0.5, 0.5, 0.5, 0.2, 0.5, 0.5, 0.5, 0.5, 0.5, 0.5, 0.5, 0.5, 0.5, 0.8, 0.5, 0.5, 0.5, 0.5, 0.5, 0.5, 0.5, 0.5, 0.5, 0.5, 0.5, 0.5, 0.5, 0.5, 0.5, 0.5, 0.5, 0.5, 0.5, 0.5, 0.5, 0.5, 0.5, 0.5, 0.5, 0.5, 0.5, 0.5, 0.5, 0.5, 0.5, 0.5, 0.2, 0.5, 0.5, 0.5, 0.1, 0.3, 0.5, 0.5, 0.5, 0.5, 0.5, 0.8, 0.5, 0.5, 0.5, 0.5, 0.6, 0.6, 0.6, 0.6, 0.6, 0.6, 0.6, 0.6, 0.6, 0.6, 0.6, 0.6, 0.6, 0.6, 0.6, 0.6, 0.8, 0.6, 0.6, 0.6, 0.6, 0.6, 0.6, 0.6, 0.6, 0.6, 0.6, 0.6, 0.6, 0.4, 0.6, 0.6, 0.6, 0.6, 0.6, 0.6, 0.6, 0.6, 0.6, 0.6, 0.6, 0.6, 0.6, 0.6, 0.6, 0.6, 0.6, 0.6, 0.6, 0.6, 0.2, 0.6, 0.6, 0.6, 0.6, 0.6, 0.6, 0.6, 0.6, 0.6, 0.6, 0.6, 0.6, 0.6, 0.6, 0.6, 0.6, 0.6, 0.6, 0.6, 0.6, 0.6, 0.6, 0.6, 0.6, 0.6, 0.6, 0.6, 0.6, 0.6, 0.6, 0.6, 0.6, 0.6, 0.6, 0.6, 0.6, 0.6, 0.6, 0.6, 0.6, 0.6, 0.6, 0.6, 0.6, 0.6, 0.6, 0.6, 0.6, 0.6, 0.7, 0.7, 0.7, 0.7, 0.7, 0.7, 0.7, 0.7, 0.7, 0.7, 0.7, 0.0, 0.7, 0.7, 0.7, 0.7, 0.7, 0.7, 0.7, 0.7, 0.7, 0.7, 0.7, 0.7, 0.7, 0.7, 0.7, 0.7, 0.7, 0.7, 0.7, 0.7, 0.7, 0.7, 0.7, 0.7, 0.7, 0.7, 0.7, 0.7, 0.7, 0.7, 0.7, 0.7, 0.7, 0.7, 0.8, 0.7, 0.7, 0.7, 0.7, 0.7, 0.7, 0.7, 0.7, 0.7, 0.7, 0.7, 0.7, 0.7, 0.7, 0.7, 0.7, 0.7, 0.7, 0.7, 0.7, 0.8, 0.7, 0.7, 0.7, 0.7, 0.7, 0.7, 0.7, 0.1, 0.7, 0.7, 0.7, 0.7, 0.7, 0.7, 0.7, 0.7, 0.7, 0.8, 0.5, 0.7, 0.7, 0.7, 0.7, 0.7, 0.8, 0.7, 0.7, 0.7, 0.7, 0.5, 0.7, 0.7, 0.8, 0.8, 0.8, 0.8, 0.8, 0.8, 0.8, 0.8, 0.8, 0.8, 0.8, 0.8, 0.8, 0.8, 0.8, 0.8, 0.6, 0.8, 0.8, 0.8, 0.8, 0.8, 0.8, 0.8, 0.8, 0.8, 0.8, 0.8, 0.8, 0.6, 0.8, 0.8, 0.8, 0.8, 0.7, 0.8, 0.8, 0.8, 0.8, 0.8, 0.8, 0.8, 0.8, 0.8, 0.8, 0.0, 0.4, 0.8, 0.8, 0.8, 0.8, 0.8, 0.8, 0.8, 0.8, 0.8, 0.8, 0.0, 0.3, 0.8, 0.8, 0.8, 0.8, 0.8, 0.9, 0.8, 0.8, 0.8, 0.8, 0.8, 0.4, 0.8, 0.9, 0.8, 0.8, 0.8, 0.8, 0.8, 0.8, 0.8, 0.8, 0.8, 0.8, 0.8, 0.8, 0.8, 0.8, 0.3, 0.8, 0.8, 0.8, 0.8, 0.8, 0.8, 0.8, 0.8, 0.8, 0.8, 0.8, 0.8, 0.9, 0.9, 0.9, 0.4, 0.7, 0.9, 0.9, 0.9, 0.9, 0.9, 0.9, 0.9, 0.9, 0.9, 0.9, 0.9, 0.9, 0.9, 0.9, 0.9, 0.9, 0.9, 0.9, 0.9, 0.9, 0.3, 0.9, 0.9, 0.9, 0.9, 0.9, 0.9, 0.9, 0.9, 0.9, 0.9, 0.9, 0.9, 0.9, 0.3, 0.5, 0.9, 0.9, 0.9, 0.9, 0.9, 0.9, 0.9, 0.9, 0.9, 0.9, 0.9, 0.9, 0.9, 0.9, 0.9, 0.9, 0.9, 0.9, 0.9, 0.9, 0.3, 0.9, 0.2, 0.9, 0.9, 0.9, 0.2, 0.9, 0.9, 0.9, 0.1, 0.9, 0.9, 0.9, 0.9, 0.9, 0.9, 0.9, 0.9, 0.9, 0.9, 0.9, 0.9, 0.9, 0.9, 0.9, 0.9, 0.9, 0.9, 0.9, 0.9, 0.6, 0.9, 0.9, 0.9, 0.9, 0.9, 0.9, 0.9]'
