 0
 sum_p: 0 -2910.23166667 3694.49055556 -6.60472222222
 1
 sum_p: 1 -2904.62694444 4428.42861111 -7.33305555556
 2
 sum_p: 2 -2872.82611111 3943.00722222 -6.81583333333
 3
 sum_p: 3 -2879.08333333 4265.36111111 -7.14444444444
 4
 sum_p: 4 -2918.39277778 4192.16277778 -7.11055555556
 5
 sum_p: 5 -2890.41666667 3949.58333333 -6.84
 6
 sum_p: 6 -2870.91777778 4944.08222222 -7.815
 7
 sum_p: 7 -2886.07527778 3665.59138889 -6.55166666667
 8
 sum_p: 8 -2872.24055556 4144.98166667 -7.01722222222
 9
 sum_p: 9 -2863.49444444 4590.95 -7.45444444444
 10
 sum_p: 10 -2889.73611111 4422.76388889 -7.3125
 11
 sum_p: 11 -2906.42416667 4203.85361111 -7.11027777778
 12
 sum_p: 12 -2890.63388889 4059.36611111 -6.95
 13
 sum_p: 13 -2889.65555556 4142.84444444 -7.0325
 14
 sum_p: 14 -2870.57583333 4336.92416667 -7.2075
 15
 sum_p: 15 -2902.15527778 3942.84472222 -6.845
 16
 sum_p: 16 -2857.17916667 3795.32083333 -6.6525
 17
 sum_p: 17 -2828.57805556 3828.08861111 -6.65666666667
 18
 sum_p: 18 -2880.40805556 4277.6475 -7.15805555556
 19
 sum_p: 19 -2849.54333333 4112.95666667 -6.9625
 20
 sum_p: 20 -2884.36111111 4370.08333333 -7.25444444444
 21
 sum_p: 21 -2854.19611111 3820.52611111 -6.67472222222
 22
 sum_p: 22 -2848.48361111 4170.68305556 -7.01916666667
 23
 sum_p: 23 -2894.87861111 3799.56583333 -6.69444444444
 24
 sum_p: 24 -2851.59388889 4072.01722222 -6.92361111111
 25
 sum_p: 25 -2838.54527778 4442.84361111 -7.28138888889
 26
 sum_p: 26 -2835.2325 3890.04527778 -6.72527777778
 27
 sum_p: 27 -2871.56527778 5192.32361111 -8.06388888889
 28
 sum_p: 28 -2836.61638889 3440.60583333 -6.27722222222
 29
 sum_p: 29 -2808.92555556 4460.79666667 -7.26972222222
 30
 sum_p: 30 -2820.59083333 5089.68694444 -7.91027777778
 31
 sum_p: 31 -2871.6725 3625.27194444 -6.49694444444
 32
 sum_p: 32 -2846.95361111 3467.21305556 -6.31416666667
 33
 sum_p: 33 -2838.56083333 3900.32805556 -6.73888888889
 34
 sum_p: 34 -2835.64416667 4931.85583333 -7.7675
 35
 sum_p: 35 -2834.17305556 3854.43805556 -6.68861111111
 36
 sum_p: 36 -2871.6425 4005.30194444 -6.87694444444
 37
 sum_p: 37 -2841.61666667 4195.88333333 -7.0375
 38
 sum_p: 38 -2819.88722222 4510.11277778 -7.33
 39
 sum_p: 39 -2756.28111111 3892.33 -6.64861111111
 40
 sum_p: 40 -2847.26277778 3953.015 -6.80027777778
 41
 sum_p: 41 -2777.41833333 4507.85944444 -7.28527777778
 42
 sum_p: 42 -2798.45805556 4340.98638889 -7.13944444444
 43
 sum_p: 43 -2853.47638889 4422.9125 -7.27638888889
 44
 sum_p: 44 -2876.05361111 4509.50194444 -7.38555555556
 45
 sum_p: 45 -2777.94333333 3600.39 -6.37833333333
 46
 sum_p: 46 -2807.35805556 4340.97527778 -7.14833333333
 47
 sum_p: 47 -2820.67666667 4592.93444444 -7.41361111111
 48
 sum_p: 48 -2874.9675 3995.31027778 -6.87027777778
 49
 sum_p: 49 -2862.54472222 4048.56638889 -6.91111111111
 50
 sum_p: 50 -2789.26444444 4492.12444444 -7.28138888889
 51
 sum_p: 51 -2841.37333333 4401.12666667 -7.2425
 52
 sum_p: 52 -2780.22388889 3995.88722222 -6.77611111111
 53
 sum_p: 53 -2837.31722222 4331.29388889 -7.16861111111
 54
 sum_p: 54 -2834.39083333 4252.55361111 -7.08694444444
 55
 sum_p: 55 -2795.33888889 4067.99444444 -6.86333333333
 56
 sum_p: 56 -2818.33861111 3734.99472222 -6.55333333333
 57
 sum_p: 57 -2821.16166667 4524.39388889 -7.34555555556
 58
 sum_p: 58 -2797.11138889 3936.22194444 -6.73333333333
 59
 sum_p: 59 -2812.88583333 4106.00305556 -6.91888888889
 60
 sum_p: 60 -2819.12388889 4597.54277778 -7.41666666667
 61
 sum_p: 61 -2845.46055556 3662.31722222 -6.50777777778
 62
 sum_p: 62 -2823.27305556 3851.72694444 -6.675
 63
 sum_p: 63 -2819.22222222 4109.11111111 -6.92833333333
 64
 sum_p: 64 -2733.94194444 3993.28027778 -6.72722222222
 65
 sum_p: 65 -2773.0 4207.0 -6.98
 66
 sum_p: 66 -2825.58583333 3556.63638889 -6.38222222222
 67
 sum_p: 67 -2788.75944444 4129.01833333 -6.91777777778
 68
 sum_p: 68 -2762.2425 4667.7575 -7.43
 69
 sum_p: 69 -2754.63055556 3324.25833333 -6.07888888889
 70
 sum_p: 70 -2779.41694444 4780.0275 -7.55944444444
 71
 sum_p: 71 -2789.31944444 4376.51388889 -7.16583333333
 72
 sum_p: 72 -2816.69833333 4001.635 -6.81833333333
 73
 sum_p: 73 -2782.22527778 3735.27472222 -6.5175
 74
 sum_p: 74 -2771.16916667 4215.77527778 -6.98694444444
 75
 sum_p: 75 -2783.17444444 5074.60333333 -7.85777777778
 76
 sum_p: 76 -2837.46361111 4527.53638889 -7.365
 77
 sum_p: 77 -2787.86472222 3729.63527778 -6.5175
 78
 sum_p: 78 -2796.57944444 3907.30944444 -6.70388888889
 79
 sum_p: 79 -2778.59555556 3552.23777778 -6.33083333333
 80
 sum_p: 80 -2827.77916667 3510.83194444 -6.33861111111
 81
 sum_p: 81 -2799.55888889 4999.88555556 -7.79944444444
 82
 sum_p: 82 -2794.18222222 3893.59555556 -6.68777777778
 83
 sum_p: 83 -2740.08361111 4003.80527778 -6.74388888889
 84
 sum_p: 84 -2755.49888889 4435.33444444 -7.19083333333
 85
 sum_p: 85 -2820.32333333 4288.84333333 -7.10916666667
 86
 sum_p: 86 -2764.89222222 4520.10777778 -7.285
 87
 sum_p: 87 -2787.72472222 4455.60861111 -7.24333333333
 88
 sum_p: 88 -2746.38277778 4234.72833333 -6.98111111111
 89
 sum_p: 89 -2763.95333333 4011.88 -6.77583333333
 90
 sum_p: 90 -2772.17083333 4273.94027778 -7.04611111111
 91
 sum_p: 91 -2810.97555556 4260.69111111 -7.07166666667
 92
 sum_p: 92 -2769.92972222 4535.90361111 -7.30583333333
 93
 sum_p: 93 -2727.2175 4627.22694444 -7.35444444444
 94
 sum_p: 94 -2698.80194444 4106.19805556 -6.805
 95
 sum_p: 95 -2758.48194444 4664.85138889 -7.42333333333
 96
 sum_p: 96 -2765.58777778 3686.07888889 -6.45166666667
 97
 sum_p: 97 -2770.08944444 4530.74388889 -7.30083333333
 98
 sum_p: 98 -2801.01777778 4091.76 -6.89277777778
 99
 sum_p: 99 -2703.3575 3762.75361111 -6.46611111111
 '[0.0, 0.0, 0.0, 0.0, 0.0, 0.0, 0.0, 0.0, 0.0, 0.0, 0.0, 0.0, 0.0, 0.0, 0.0, 0.4, 0.0, 0.0, 0.0, 0.0, 0.0, 0.0, 0.0, 0.0, 0.0, 0.0, 0.3, 0.0, 0.0, 0.0, 0.0, 0.0, 0.0, 0.0, 0.0, 0.0, 0.0, 0.0, 0.0, 0.0, 0.0, 0.0, 0.0, 0.0, 0.0, 0.0, 0.0, 0.9, 0.0, 0.9, 0.0, 0.0, 0.0, 0.0, 0.0, 0.0, 0.0, 0.0, 0.0, 0.0, 0.0, 0.0, 0.0, 0.0, 0.0, 0.0, 0.0, 0.0, 0.0, 0.0, 0.0, 0.1, 0.9, 0.0, 0.0, 0.0, 0.3, 0.0, 0.0, 0.0, 0.0, 0.0, 0.3, 0.0, 0.0, 0.0, 0.0, 0.0, 0.8, 0.0, 0.0, 0.0, 0.0, 0.0, 0.0, 0.0, 0.0, 0.0, 0.0, 0.0, 0.1, 0.1, 0.1, 0.1, 0.1, 0.1, 0.1, 0.1, 0.1, 0.1, 0.1, 0.2, 0.1, 0.1, 0.1, 0.1, 0.1, 0.1, 0.1, 0.1, 0.1, 0.5, 0.1, 0.1, 0.1, 0.1, 0.1, 0.0, 0.1, 0.0, 0.1, 0.1, 0.1, 0.1, 0.1, 0.1, 0.9, 0.1, 0.1, 0.2, 0.1, 0.1, 0.1, 0.1, 0.1, 0.1, 0.1, 0.1, 0.1, 0.7, 0.1, 0.1, 0.1, 0.1, 0.1, 0.1, 0.1, 0.1, 0.0, 0.1, 0.1, 0.1, 0.1, 0.1, 0.1, 0.1, 0.1, 0.2, 0.1, 0.1, 0.1, 0.3, 0.1, 0.1, 0.1, 0.1, 0.1, 0.1, 0.1, 0.1, 0.1, 0.1, 0.1, 0.1, 0.3, 0.1, 0.1, 0.1, 0.1, 0.1, 0.1, 0.1, 0.1, 0.1, 0.1, 0.8, 0.1, 0.1, 0.1, 0.1, 0.8, 0.2, 0.0, 0.2, 0.7, 0.2, 0.2, 0.2, 0.2, 0.2, 0.2, 0.2, 0.2, 0.2, 0.2, 0.2, 0.2, 0.2, 0.2, 0.2, 0.2, 0.2, 0.2, 0.2, 0.2, 0.2, 0.2, 0.2, 0.2, 0.2, 0.2, 0.2, 0.2, 0.2, 0.2, 0.7, 0.2, 0.2, 0.2, 0.2, 0.2, 0.2, 0.7, 0.2, 0.2, 0.0, 0.2, 0.2, 0.2, 0.3, 0.2, 0.2, 0.2, 0.2, 0.2, 0.2, 0.2, 0.2, 0.2, 0.2, 0.7, 0.2, 0.2, 0.2, 0.2, 0.2, 0.3, 0.2, 0.2, 0.2, 0.2, 0.2, 0.2, 0.2, 0.2, 0.2, 0.2, 0.2, 0.2, 0.2, 0.2, 0.2, 0.8, 0.2, 0.2, 0.2, 0.2, 0.2, 0.9, 0.2, 0.2, 0.2, 0.2, 0.2, 0.2, 0.2, 0.2, 0.2, 0.2, 0.2, 0.3, 0.3, 0.3, 0.3, 0.3, 0.2, 0.3, 0.3, 0.3, 0.3, 0.3, 0.3, 0.3, 0.3, 0.3, 0.3, 0.3, 0.3, 0.3, 0.3, 0.1, 0.3, 0.3, 0.3, 0.3, 0.3, 0.3, 0.3, 0.3, 0.3, 0.3, 0.3, 0.3, 0.3, 0.3, 0.3, 0.3, 0.3, 0.3, 0.3, 0.3, 0.3, 0.3, 0.3, 0.3, 0.3, 0.3, 0.3, 0.3, 0.3, 0.3, 0.3, 0.3, 0.3, 0.3, 0.3, 0.3, 0.3, 0.3, 0.9, 0.3, 0.3, 0.3, 0.3, 0.3, 0.3, 0.3, 0.3, 0.3, 0.3, 0.3, 0.3, 0.3, 0.3, 0.3, 0.3, 0.3, 0.3, 0.3, 0.3, 0.3, 0.3, 0.7, 0.3, 0.3, 0.2, 0.3, 0.3, 0.3, 0.3, 0.3, 0.3, 0.3, 0.3, 0.3, 0.3, 0.3, 0.3, 0.3, 0.3, 0.4, 0.5, 0.4, 0.4, 0.4, 0.7, 0.4, 0.4, 0.4, 0.4, 0.4, 0.4, 0.4, 0.4, 0.4, 0.4, 0.4, 0.4, 0.7, 0.4, 0.4, 0.4, 0.4, 0.4, 0.4, 0.4, 0.4, 0.3, 0.4, 0.4, 0.4, 0.4, 0.4, 0.4, 0.4, 0.4, 0.4, 0.4, 0.4, 0.4, 0.4, 0.0, 0.4, 0.4, 0.4, 0.4, 0.4, 0.4, 0.4, 0.4, 0.4, 0.4, 0.4, 0.4, 0.4, 0.4, 0.4, 0.4, 0.4, 0.4, 0.4, 0.4, 0.4, 0.4, 0.4, 0.4, 0.4, 0.4, 0.4, 0.4, 0.4, 0.4, 0.4, 0.4, 0.4, 0.4, 0.4, 0.4, 0.4, 0.2, 0.4, 0.4, 0.4, 0.4, 0.4, 0.4, 0.4, 0.4, 0.4, 0.4, 0.4, 0.4, 0.4, 0.4, 0.4, 0.4, 0.7, 0.4, 0.4, 0.4, 0.5, 0.5, 0.5, 0.5, 0.5, 0.5, 0.5, 0.5, 0.5, 0.5, 0.5, 0.5, 0.5, 0.5, 0.5, 0.5, 0.5, 0.7, 0.5, 0.5, 0.5, 0.5, 0.5, 0.5, 0.2, 0.5, 0.5, 0.5, 0.5, 0.5, 0.5, 0.5, 0.0, 0.7, 0.5, 0.5, 0.5, 0.5, 0.5, 0.5, 0.5, 0.5, 0.5, 0.0, 0.5, 0.5, 0.5, 0.5, 0.5, 0.5, 0.5, 0.5, 0.5, 0.5, 0.5, 0.2, 0.0, 0.5, 0.5, 0.6, 0.5, 0.5, 0.5, 0.5, 0.5, 0.5, 0.5, 0.5, 0.5, 0.5, 0.5, 0.5, 0.4, 0.5, 0.5, 0.5, 0.5, 0.5, 0.5, 0.5, 0.9, 0.5, 0.5, 0.5, 0.5, 0.5, 0.5, 0.5, 0.5, 0.2, 0.5, 0.5, 0.5, 0.5, 0.5, 0.5, 0.5, 0.5, 0.5, 0.5, 0.6, 0.6, 0.6, 0.6, 0.5, 0.6, 0.0, 0.9, 0.6, 0.6, 0.6, 0.6, 0.6, 0.6, 0.6, 0.6, 0.6, 0.6, 0.6, 0.6, 0.6, 0.6, 0.6, 0.6, 0.6, 0.6, 0.6, 0.6, 0.6, 0.6, 0.6, 0.6, 0.6, 0.6, 0.6, 0.6, 0.6, 0.6, 0.6, 0.6, 0.6, 0.6, 0.6, 0.6, 0.6, 0.6, 0.6, 0.6, 0.6, 0.6, 0.6, 0.6, 0.6, 0.6, 0.6, 0.6, 0.6, 0.6, 0.6, 0.6, 0.6, 0.6, 0.3, 0.6, 0.6, 0.6, 0.6, 0.6, 0.6, 0.6, 0.6, 0.6, 0.6, 0.6, 0.6, 0.6, 0.6, 0.6, 0.6, 0.6, 0.6, 0.6, 0.6, 0.6, 0.6, 0.6, 0.6, 0.4, 0.6, 0.6, 0.6, 0.6, 0.0, 0.6, 0.6, 0.6, 0.6, 0.6, 0.6, 0.6, 0.7, 0.7, 0.7, 0.7, 0.7, 0.7, 0.7, 0.7, 0.7, 0.7, 0.7, 0.7, 0.7, 0.7, 0.7, 0.7, 0.7, 0.7, 0.7, 0.7, 0.7, 0.7, 0.9, 0.7, 0.7, 0.7, 0.7, 0.7, 0.7, 0.0, 0.7, 0.7, 0.7, 0.7, 0.7, 0.7, 0.7, 0.7, 0.7, 0.7, 0.7, 0.7, 0.7, 0.7, 0.7, 0.7, 0.7, 0.7, 0.7, 0.7, 0.7, 0.7, 0.7, 0.7, 0.7, 0.7, 0.7, 0.7, 0.9, 0.7, 0.7, 0.7, 0.7, 0.7, 0.7, 0.7, 0.7, 0.7, 0.7, 0.7, 0.7, 0.7, 0.7, 0.7, 0.7, 0.7, 0.7, 0.7, 0.7, 0.7, 0.7, 0.7, 0.7, 0.7, 0.7, 0.7, 0.7, 0.7, 0.7, 0.7, 0.7, 0.7, 0.7, 0.7, 0.7, 0.7, 0.2, 0.7, 0.7, 0.7, 0.8, 0.8, 0.8, 0.8, 0.8, 0.8, 0.8, 0.8, 0.8, 0.0, 0.8, 0.8, 0.8, 0.8, 0.8, 0.8, 0.8, 0.4, 0.4, 0.8, 0.8, 0.8, 0.8, 0.8, 0.8, 0.8, 0.8, 0.1, 0.8, 0.8, 0.8, 0.2, 0.8, 0.8, 0.8, 0.8, 0.8, 0.8, 0.8, 0.8, 0.9, 0.8, 0.8, 0.8, 0.8, 0.8, 0.8, 0.8, 0.8, 0.9, 0.8, 0.8, 0.8, 0.8, 0.8, 0.6, 0.8, 0.8, 0.8, 0.8, 0.8, 0.2, 0.8, 0.8, 0.8, 0.8, 0.8, 0.8, 0.8, 0.8, 0.8, 0.8, 0.8, 0.8, 0.8, 0.8, 0.8, 0.8, 0.8, 0.8, 0.8, 0.8, 0.8, 0.8, 0.2, 0.8, 0.8, 0.8, 0.8, 0.8, 0.8, 0.8, 0.8, 0.8, 0.8, 0.8, 0.8, 0.8, 0.8, 0.8, 0.9, 0.9, 0.9, 0.9, 0.0, 0.9, 0.9, 0.2, 0.9, 0.9, 0.9, 0.9, 0.9, 0.9, 0.3, 0.9, 0.9, 0.9, 0.9, 0.9, 0.9, 0.9, 0.9, 0.9, 0.9, 0.9, 0.9, 0.9, 0.9, 0.9, 0.9, 0.9, 0.9, 0.9, 0.9, 0.9, 0.9, 0.9, 0.9, 0.9, 0.9, 0.9, 0.9, 0.9, 0.9, 0.4, 0.9, 0.0, 0.9, 0.9, 0.9, 0.9, 0.9, 0.9, 0.9, 0.9, 0.9, 0.9, 0.9, 0.5, 0.9, 0.9, 0.9, 0.9, 0.9, 0.0, 0.9, 0.9, 0.9, 0.6, 0.9, 0.2, 0.9, 0.9, 0.9, 0.9, 0.9, 0.8, 0.9, 0.9, 0.9, 0.9, 0.9, 0.9, 0.9, 0.2, 0.9, 0.2, 0.9, 0.9, 0.9, 0.9, 0.9, 0.9, 0.9, 0.9, 0.9, 0.9, 0.9, 0.9]'
 0
 sum_p: 0 -3442.85083333 3557.14916667 -7.0
 1
 sum_p: 1 -3443.995 3556.005 -7.0
 2
 sum_p: 2 -3425.15305556 3574.84694444 -7.0
 3
 sum_p: 3 -3443.93388889 3556.06611111 -7.0
 4
 sum_p: 4 -3424.08194444 3575.91805556 -7.0
 5
 sum_p: 5 -3405.19055556 3594.80944444 -7.0
 6
 sum_p: 6 -3451.33416667 3825.3325 -7.27666666667
 7
 sum_p: 7 -3421.39527778 3756.10472222 -7.1775
 8
 sum_p: 8 -3418.39055556 3581.60944444 -7.0
 9
 sum_p: 9 -3445.75833333 3554.24166667 -7.0
 10
 sum_p: 10 -3391.29611111 3608.70388889 -7.0
 11
 sum_p: 11 -3408.09138889 3789.68638889 -7.19777777778
 12
 sum_p: 12 -3418.83472222 3581.16527778 -7.0
 13
 sum_p: 13 -3389.18444444 3610.81555556 -7.0
 14
 sum_p: 14 -3409.22111111 3590.77888889 -7.0
 15
 sum_p: 15 -3376.34138889 3623.65861111 -7.0
 16
 sum_p: 16 -3358.1975 3641.8025 -7.0
 17
 sum_p: 17 -3343.03444444 3705.02111111 -7.04805555556
 18
 sum_p: 18 -3356.75527778 3885.74472222 -7.2425
 19
 sum_p: 19 -3403.66361111 3596.33638889 -7.0
 20
 sum_p: 20 -3343.06916667 3656.93083333 -7.0
 21
 sum_p: 21 -3408.66138889 3591.33861111 -7.0
 22
 sum_p: 22 -3390.08222222 3609.91777778 -7.0
 23
 sum_p: 23 -3388.35111111 3611.64888889 -7.0
 24
 sum_p: 24 -3341.88222222 3744.78444444 -7.08666666667
 25
 sum_p: 25 -3385.11083333 3614.88916667 -7.0
 26
 sum_p: 26 -3380.82083333 3619.17916667 -7.0
 27
 sum_p: 27 -3371.06888889 3628.93111111 -7.0
 28
 sum_p: 28 -3358.60861111 3641.39138889 -7.0
 29
 sum_p: 29 -3321.43666667 3678.56333333 -7.0
 30
 sum_p: 30 -3373.92861111 3626.07138889 -7.0
 31
 sum_p: 31 -3303.12444444 3696.87555556 -7.0
 32
 sum_p: 32 -3344.15611111 3655.84388889 -7.0
 33
 sum_p: 33 -3342.7 3728.96666667 -7.07166666667
 34
 sum_p: 34 -3348.21388889 3651.78611111 -7.0
 35
 sum_p: 35 -3374.18722222 3625.81277778 -7.0
 36
 sum_p: 36 -3349.29972222 4066.25583333 -7.41555555556
 37
 sum_p: 37 -3332.63972222 3667.36027778 -7.0
 38
 sum_p: 38 -3359.00888889 3640.99111111 -7.0
 39
 sum_p: 39 -3297.38527778 3843.17027778 -7.14055555556
 40
 sum_p: 40 -3328.45 3699.32777778 -7.02777777778
 41
 sum_p: 41 -3360.72916667 3639.27083333 -7.0
 42
 sum_p: 42 -3309.36944444 3690.63055556 -7.0
 43
 sum_p: 43 -3372.06138889 3627.93861111 -7.0
 44
 sum_p: 44 -3334.18444444 4159.14888889 -7.49333333333
 45
 sum_p: 45 -3320.71694444 4006.50527778 -7.32722222222
 46
 sum_p: 46 -3298.05638889 3701.94361111 -7.0
 47
 sum_p: 47 -3346.62722222 3653.37277778 -7.0
 48
 sum_p: 48 -3348.09333333 3654.40666667 -7.0025
 49
 sum_p: 49 -3332.12388889 3966.765 -7.29888888889
 50
 sum_p: 50 -3328.31527778 3671.68472222 -7.0
 51
 sum_p: 51 -3337.47388889 3662.52611111 -7.0
 52
 sum_p: 52 -3299.69527778 3700.30472222 -7.0
 53
 sum_p: 53 -3311.86 3688.14 -7.0
 54
 sum_p: 54 -3364.98972222 3635.01027778 -7.0
 55
 sum_p: 55 -3266.09777778 4305.01333333 -7.57111111111
 56
 sum_p: 56 -3311.395 4105.27166667 -7.41666666667
 57
 sum_p: 57 -3308.80194444 3691.19805556 -7.0
 58
 sum_p: 58 -3289.42361111 3710.57638889 -7.0
 59
 sum_p: 59 -3257.13305556 3771.20027778 -7.02833333333
 60
 sum_p: 60 -3303.65222222 3696.34777778 -7.0
 61
 sum_p: 61 -3294.74861111 3705.25138889 -7.0
 62
 sum_p: 62 -3294.28222222 3705.71777778 -7.0
 63
 sum_p: 63 -3325.66861111 3924.60916667 -7.25027777778
 64
 sum_p: 64 -3305.91 3694.09 -7.0
 65
 sum_p: 65 -3324.11444444 3675.88555556 -7.0
 66
 sum_p: 66 -3338.15222222 3661.84777778 -7.0
 67
 sum_p: 67 -3336.94305556 3663.05694444 -7.0
 68
 sum_p: 68 -3258.98611111 3741.01388889 -7.0
 69
 sum_p: 69 -3288.08194444 3711.91805556 -7.0
 70
 sum_p: 70 -3294.18944444 3705.81055556 -7.0
 71
 sum_p: 71 -3313.815 4237.85166667 -7.55166666667
 72
 sum_p: 72 -3294.31138889 3705.68861111 -7.0
 73
 sum_p: 73 -3344.96305556 4025.03694444 -7.37
 74
 sum_p: 74 -3320.52944444 4119.19277778 -7.43972222222
 75
 sum_p: 75 -3291.70611111 3708.29388889 -7.0
 76
 sum_p: 76 -3267.90444444 3732.09555556 -7.0
 77
 sum_p: 77 -3332.88222222 3881.56222222 -7.21444444444
 78
 sum_p: 78 -3278.38611111 3886.33611111 -7.16472222222
 79
 sum_p: 79 -3315.05194444 4042.17027778 -7.35722222222
 80
 sum_p: 80 -3241.79722222 3758.20277778 -7.0
 81
 sum_p: 81 -3283.925 3716.075 -7.0
 82
 sum_p: 82 -3295.44777778 3819.83 -7.11527777778
 83
 sum_p: 83 -3283.70694444 3978.2375 -7.26194444444
 84
 sum_p: 84 -3270.09472222 3752.68305556 -7.02277777778
 85
 sum_p: 85 -3274.95138889 3725.04861111 -7.0
 86
 sum_p: 86 -3305.12722222 3694.87277778 -7.0
 87
 sum_p: 87 -3320.27166667 3679.72833333 -7.0
 88
 sum_p: 88 -3284.46305556 4577.20361111 -7.86166666667
 89
 sum_p: 89 -3252.86944444 3951.85277778 -7.20472222222
 90
 sum_p: 90 -3275.94166667 3724.05833333 -7.0
 91
 sum_p: 91 -3245.65666667 4192.39888889 -7.43805555556
 92
 sum_p: 92 -3247.27361111 4344.11527778 -7.59138888889
 93
 sum_p: 93 -3251.36138889 3748.63861111 -7.0
 94
 sum_p: 94 -3225.46361111 3774.53638889 -7.0
 95
 sum_p: 95 -3307.79333333 3766.65111111 -7.07444444444
 96
 sum_p: 96 -3268.32666667 3731.67333333 -7.0
 97
 sum_p: 97 -3270.88666667 3746.05777778 -7.01694444444
 98
 sum_p: 98 -3290.69833333 3709.30166667 -7.0
 99
 sum_p: 99 -3235.71333333 3906.78666667 -7.1425
 '[0.0, 0.0, 0.0, 0.1, 0.0, 0.0, 0.0, 0.8, 0.1, 0.0, 0.5, 0.0, 0.0, 0.0, 0.0, 0.0, 0.0, 0.0, 0.0, 0.0, 0.0, 0.0, 0.0, 0.0, 0.0, 0.0, 0.0, 0.0, 0.0, 0.0, 0.0, 0.0, 0.0, 0.0, 0.0, 0.0, 0.0, 0.0, 0.0, 0.0, 0.0, 0.0, 0.0, 0.0, 0.0, 0.0, 0.0, 0.0, 0.0, 0.0, 0.0, 0.0, 0.0, 0.0, 0.0, 0.0, 0.0, 0.0, 0.0, 0.0, 0.0, 0.0, 0.0, 0.0, 0.0, 0.3, 0.0, 0.0, 0.0, 0.8, 0.0, 0.0, 0.1, 0.0, 0.0, 0.0, 0.0, 0.0, 0.0, 0.0, 0.0, 0.0, 0.0, 0.0, 0.0, 0.0, 0.0, 0.0, 0.0, 0.0, 0.0, 0.0, 0.0, 0.0, 0.0, 0.0, 0.0, 0.0, 0.0, 0.0, 0.1, 0.1, 0.1, 0.1, 0.1, 0.1, 0.3, 0.1, 0.3, 0.1, 0.1, 0.1, 0.1, 0.1, 0.1, 0.1, 0.1, 0.1, 0.1, 0.1, 0.1, 0.1, 0.1, 0.1, 0.1, 0.1, 0.1, 0.1, 0.1, 0.1, 0.1, 0.1, 0.1, 0.1, 0.1, 0.1, 0.1, 0.1, 0.1, 0.1, 0.1, 0.1, 0.1, 0.1, 0.1, 0.1, 0.1, 0.1, 0.1, 0.1, 0.1, 0.1, 0.3, 0.1, 0.1, 0.1, 0.1, 0.1, 0.1, 0.1, 0.1, 0.1, 0.1, 0.0, 0.3, 0.1, 0.0, 0.1, 0.1, 0.1, 0.1, 0.1, 0.1, 0.1, 0.1, 0.1, 0.1, 0.1, 0.1, 0.1, 0.1, 0.1, 0.1, 0.1, 0.1, 0.1, 0.1, 0.1, 0.1, 0.1, 0.1, 0.1, 0.1, 0.1, 0.9, 0.1, 0.1, 0.1, 0.1, 0.1, 0.2, 0.2, 0.1, 0.0, 0.2, 0.2, 0.2, 0.2, 0.2, 0.2, 0.8, 0.2, 0.2, 0.2, 0.2, 0.2, 0.2, 0.2, 0.2, 0.2, 0.2, 0.2, 0.2, 0.2, 0.2, 0.2, 0.2, 0.2, 0.1, 0.2, 0.2, 0.2, 0.2, 0.2, 0.9, 0.2, 0.2, 0.2, 0.2, 0.2, 0.2, 0.2, 0.2, 0.2, 0.2, 0.2, 0.2, 0.2, 0.2, 0.8, 0.2, 0.2, 0.2, 0.2, 0.2, 0.2, 0.9, 0.2, 0.2, 0.2, 0.2, 0.0, 0.2, 0.2, 0.2, 0.2, 0.2, 0.2, 0.0, 0.2, 0.2, 0.2, 0.2, 0.2, 0.2, 0.0, 0.2, 0.2, 0.2, 0.2, 0.2, 0.2, 0.2, 0.1, 0.2, 0.2, 0.2, 0.2, 0.2, 0.2, 0.2, 0.1, 0.2, 0.2, 0.2, 0.2, 0.2, 0.2, 0.2, 0.2, 0.3, 0.3, 0.3, 0.3, 0.3, 0.3, 0.3, 0.3, 0.1, 0.3, 0.3, 0.3, 0.3, 0.3, 0.3, 0.3, 0.3, 0.3, 0.8, 0.3, 0.3, 0.3, 0.3, 0.3, 0.3, 0.3, 0.3, 0.3, 0.3, 0.3, 0.3, 0.3, 0.3, 0.3, 0.3, 0.3, 0.3, 0.3, 0.3, 0.3, 0.3, 0.3, 0.0, 0.0, 0.3, 0.3, 0.3, 0.3, 0.3, 0.3, 0.3, 0.3, 0.3, 0.3, 0.3, 0.3, 0.3, 0.3, 0.3, 0.0, 0.3, 0.3, 0.3, 0.3, 0.3, 0.3, 0.3, 0.3, 0.3, 0.1, 0.3, 0.3, 0.3, 0.3, 0.3, 0.3, 0.3, 0.3, 0.3, 0.3, 0.9, 0.3, 0.3, 0.3, 0.3, 0.3, 0.3, 0.3, 0.3, 0.3, 0.3, 0.3, 0.3, 0.3, 0.3, 0.3, 0.3, 0.3, 0.3, 0.3, 0.4, 0.4, 0.4, 0.0, 0.4, 0.4, 0.4, 0.4, 0.4, 0.4, 0.4, 0.4, 0.2, 0.4, 0.4, 0.4, 0.4, 0.4, 0.4, 0.4, 0.4, 0.4, 0.1, 0.4, 0.4, 0.4, 0.4, 0.4, 0.4, 0.4, 0.4, 0.4, 0.4, 0.4, 0.4, 0.4, 0.1, 0.4, 0.4, 0.4, 0.4, 0.4, 0.4, 0.4, 0.8, 0.4, 0.4, 0.4, 0.4, 0.4, 0.4, 0.4, 0.4, 0.4, 0.4, 0.4, 0.4, 0.0, 0.4, 0.4, 0.4, 0.4, 0.4, 0.4, 0.4, 0.4, 0.4, 0.4, 0.4, 0.4, 0.4, 0.4, 0.4, 0.4, 0.4, 0.4, 0.4, 0.4, 0.4, 0.4, 0.4, 0.4, 0.4, 0.8, 0.3, 0.4, 0.4, 0.4, 0.4, 0.4, 0.4, 0.4, 0.9, 0.2, 0.4, 0.4, 0.4, 0.4, 0.4, 0.4, 0.5, 0.5, 0.3, 0.5, 0.5, 0.5, 0.5, 0.5, 0.5, 0.5, 0.5, 0.1, 0.5, 0.5, 0.5, 0.5, 0.5, 0.5, 0.5, 0.5, 0.5, 0.5, 0.5, 0.5, 0.5, 0.5, 0.5, 0.5, 0.5, 0.5, 0.5, 0.5, 0.5, 0.5, 0.5, 0.5, 0.5, 0.5, 0.5, 0.5, 0.5, 0.5, 0.5, 0.5, 0.5, 0.5, 0.5, 0.5, 0.5, 0.5, 0.3, 0.5, 0.5, 0.5, 0.5, 0.5, 0.5, 0.9, 0.5, 0.5, 0.5, 0.5, 0.5, 0.5, 0.9, 0.0, 0.5, 0.5, 0.5, 0.5, 0.5, 0.5, 0.5, 0.5, 0.5, 0.3, 0.5, 0.5, 0.5, 0.5, 0.5, 0.5, 0.5, 0.5, 0.5, 0.5, 0.5, 0.5, 0.5, 0.5, 0.5, 0.5, 0.5, 0.3, 0.2, 0.5, 0.9, 0.5, 0.5, 0.5, 0.6, 0.6, 0.6, 0.6, 0.8, 0.6, 0.6, 0.6, 0.6, 0.6, 0.6, 0.6, 0.6, 0.6, 0.6, 0.6, 0.6, 0.6, 0.6, 0.6, 0.6, 0.6, 0.6, 0.6, 0.6, 0.6, 0.6, 0.6, 0.6, 0.6, 0.6, 0.6, 0.6, 0.6, 0.6, 0.6, 0.6, 0.6, 0.6, 0.6, 0.6, 0.6, 0.6, 0.6, 0.6, 0.6, 0.6, 0.6, 0.6, 0.8, 0.6, 0.6, 0.6, 0.6, 0.6, 0.6, 0.6, 0.6, 0.6, 0.6, 0.6, 0.6, 0.1, 0.6, 0.6, 0.6, 0.6, 0.6, 0.6, 0.6, 0.6, 0.6, 0.6, 0.6, 0.6, 0.6, 0.6, 0.6, 0.6, 0.6, 0.6, 0.6, 0.1, 0.6, 0.6, 0.6, 0.6, 0.1, 0.6, 0.6, 0.0, 0.6, 0.2, 0.6, 0.6, 0.6, 0.6, 0.6, 0.6, 0.6, 0.7, 0.3, 0.7, 0.7, 0.7, 0.7, 0.7, 0.7, 0.7, 0.7, 0.7, 0.7, 0.7, 0.7, 0.7, 0.7, 0.7, 0.7, 0.7, 0.7, 0.7, 0.7, 0.7, 0.7, 0.7, 0.7, 0.7, 0.7, 0.7, 0.7, 0.7, 0.7, 0.7, 0.8, 0.7, 0.1, 0.7, 0.7, 0.7, 0.7, 0.7, 0.8, 0.7, 0.7, 0.7, 0.7, 0.5, 0.7, 0.7, 0.7, 0.0, 0.7, 0.7, 0.7, 0.7, 0.7, 0.7, 0.7, 0.7, 0.7, 0.7, 0.7, 0.7, 0.7, 0.7, 0.7, 0.7, 0.7, 0.7, 0.7, 0.7, 0.7, 0.7, 0.7, 0.7, 0.7, 0.7, 0.7, 0.7, 0.7, 0.7, 0.7, 0.7, 0.7, 0.7, 0.7, 0.7, 0.7, 0.7, 0.7, 0.9, 0.7, 0.7, 0.7, 0.7, 0.7, 0.7, 0.1, 0.7, 0.7, 0.8, 0.8, 0.8, 0.8, 0.8, 0.8, 0.8, 0.8, 0.8, 0.8, 0.0, 0.8, 0.8, 0.8, 0.8, 0.8, 0.8, 0.8, 0.8, 0.8, 0.3, 0.8, 0.8, 0.8, 0.8, 0.8, 0.8, 0.2, 0.8, 0.8, 0.8, 0.8, 0.8, 0.8, 0.8, 0.8, 0.8, 0.8, 0.8, 0.8, 0.8, 0.8, 0.8, 0.8, 0.8, 0.9, 0.8, 0.8, 0.8, 0.8, 0.8, 0.8, 0.8, 0.8, 0.8, 0.8, 0.8, 0.8, 0.8, 0.8, 0.8, 0.8, 0.1, 0.8, 0.8, 0.8, 0.8, 0.8, 0.8, 0.8, 0.8, 0.8, 0.8, 0.8, 0.2, 0.8, 0.0, 0.8, 0.8, 0.8, 0.8, 0.8, 0.8, 0.8, 0.8, 0.8, 0.8, 0.2, 0.8, 0.8, 0.8, 0.8, 0.8, 0.1, 0.8, 0.8, 0.8, 0.8, 0.8, 0.8, 0.9, 0.9, 0.9, 0.9, 0.9, 0.1, 0.9, 0.9, 0.9, 0.9, 0.9, 0.9, 0.9, 0.9, 0.9, 0.9, 0.9, 0.9, 0.9, 0.9, 0.9, 0.3, 0.9, 0.9, 0.9, 0.9, 0.9, 0.9, 0.9, 0.9, 0.9, 0.9, 0.9, 0.9, 0.2, 0.9, 0.9, 0.9, 0.9, 0.9, 0.9, 0.9, 0.8, 0.9, 0.9, 0.9, 0.2, 0.9, 0.9, 0.1, 0.9, 0.9, 0.9, 0.9, 0.9, 0.9, 0.9, 0.9, 0.9, 0.9, 0.9, 0.9, 0.9, 0.9, 0.9, 0.9, 0.9, 0.9, 0.9, 0.0, 0.9, 0.9, 0.9, 0.8, 0.9, 0.9, 0.9, 0.9, 0.9, 0.9, 0.9, 0.9, 0.2, 0.9, 0.9, 0.9, 0.9, 0.9, 0.9, 0.1, 0.9, 0.9, 0.9, 0.9, 0.9, 0.9, 0.9, 0.9, 0.9, 0.9]'
 0
 sum_p: 0 -3432.72305556 3567.27694444 -7.0
 1
 sum_p: 1 -3439.6625 3560.3375 -7.0
 2
 sum_p: 2 -3398.62305556 3601.37694444 -7.0
 3
 sum_p: 3 -3444.77416667 4114.67027778 -7.55944444444
 4
 sum_p: 4 -3442.02472222 3557.97527778 -7.0
 5
 sum_p: 5 -3444.87916667 3555.12083333 -7.0
 6
 sum_p: 6 -3368.50916667 3720.37972222 -7.08888888889
 7
 sum_p: 7 -3418.40694444 3581.59305556 -7.0
 8
 sum_p: 8 -3441.64722222 3576.40833333 -7.01805555556
 9
 sum_p: 9 -3428.82527778 3571.17472222 -7.0
 10
 sum_p: 10 -3408.19583333 3702.08194444 -7.11027777778
 11
 sum_p: 11 -3383.76277778 3690.68166667 -7.07444444444
 12
 sum_p: 12 -3431.97666667 3568.02333333 -7.0
 13
 sum_p: 13 -3404.80527778 3595.19472222 -7.0
 14
 sum_p: 14 -3395.04833333 3604.95166667 -7.0
 15
 sum_p: 15 -3412.8925 3587.1075 -7.0
 16
 sum_p: 16 -3419.9175 3698.13805556 -7.11805555556
 17
 sum_p: 17 -3398.21027778 3604.28972222 -7.0025
 18
 sum_p: 18 -3412.56611111 3607.43388889 -7.02
 19
 sum_p: 19 -3399.85138889 3910.70416667 -7.31055555556
 20
 sum_p: 20 -3367.67333333 3632.32666667 -7.0
 21
 sum_p: 21 -3412.53222222 3587.46777778 -7.0
 22
 sum_p: 22 -3377.80083333 3622.19916667 -7.0
 23
 sum_p: 23 -3409.31555556 3854.57333333 -7.26388888889
 24
 sum_p: 24 -3342.00027778 3657.99972222 -7.0
 25
 sum_p: 25 -3385.85 4184.15 -7.57
 26
 sum_p: 26 -3362.87194444 3637.12805556 -7.0
 27
 sum_p: 27 -3366.35138889 3701.42638889 -7.06777777778
 28
 sum_p: 28 -3388.54916667 3611.45083333 -7.0
 29
 sum_p: 29 -3350.48888889 3683.95555556 -7.03444444444
 30
 sum_p: 30 -3359.49472222 3640.50527778 -7.0
 31
 sum_p: 31 -3365.43888889 3634.56111111 -7.0
 32
 sum_p: 32 -3373.54444444 3626.45555556 -7.0
 33
 sum_p: 33 -3368.32694444 3749.72861111 -7.11805555556
 34
 sum_p: 34 -3430.88916667 3627.99972222 -7.05888888889
 35
 sum_p: 35 -3378.66194444 3920.22694444 -7.29888888889
 36
 sum_p: 36 -3359.55777778 3640.44222222 -7.0
 37
 sum_p: 37 -3333.855 3666.145 -7.0
 38
 sum_p: 38 -3330.42527778 3669.57472222 -7.0
 39
 sum_p: 39 -3337.18527778 3662.81472222 -7.0
 40
 sum_p: 40 -3356.72277778 3643.27722222 -7.0
 41
 sum_p: 41 -3362.25166667 3637.74833333 -7.0
 42
 sum_p: 42 -3363.86388889 3636.13611111 -7.0
 43
 sum_p: 43 -3363.40055556 3653.54388889 -7.01694444444
 44
 sum_p: 44 -3338.29833333 3661.70166667 -7.0
 45
 sum_p: 45 -3350.14388889 4104.30055556 -7.45444444444
 46
 sum_p: 46 -3391.47138889 3879.9175 -7.27138888889
 47
 sum_p: 47 -3362.56972222 3637.43027778 -7.0
 48
 sum_p: 48 -3356.31222222 3643.68777778 -7.0
 49
 sum_p: 49 -3376.44138889 4195.50305556 -7.57194444444
 50
 sum_p: 50 -3364.77083333 3635.22916667 -7.0
 51
 sum_p: 51 -3367.24666667 3878.30888889 -7.24555555556
 52
 sum_p: 52 -3394.32972222 3717.05916667 -7.11138888889
 53
 sum_p: 53 -3338.31472222 4067.51861111 -7.40583333333
 54
 sum_p: 54 -3330.15972222 3712.0625 -7.04222222222
 55
 sum_p: 55 -3353.15027778 3961.29416667 -7.31444444444
 56
 sum_p: 56 -3354.82444444 3981.84222222 -7.33666666667
 57
 sum_p: 57 -3342.75583333 4480.02194444 -7.82277777778
 58
 sum_p: 58 -3350.365 3649.635 -7.0
 59
 sum_p: 59 -3335.53222222 3664.46777778 -7.0
 60
 sum_p: 60 -3336.76638889 3663.23361111 -7.0
 61
 sum_p: 61 -3326.21 3673.79 -7.0
 62
 sum_p: 62 -3339.02083333 3660.97916667 -7.0
 63
 sum_p: 63 -3335.78027778 3664.21972222 -7.0
 64
 sum_p: 64 -3331.55861111 3668.44138889 -7.0
 65
 sum_p: 65 -3316.05 3746.72777778 -7.06277777778
 66
 sum_p: 66 -3334.20305556 3665.79694444 -7.0
 67
 sum_p: 67 -3321.96222222 3678.03777778 -7.0
 68
 sum_p: 68 -3337.79833333 3662.20166667 -7.0
 69
 sum_p: 69 -3317.14166667 3682.85833333 -7.0
 70
 sum_p: 70 -3333.67305556 3666.32694444 -7.0
 71
 sum_p: 71 -3280.77472222 4276.72527778 -7.5575
 72
 sum_p: 72 -3312.73833333 3687.26166667 -7.0
 73
 sum_p: 73 -3309.59944444 3769.56722222 -7.07916666667
 74
 sum_p: 74 -3303.37805556 3696.62194444 -7.0
 75
 sum_p: 75 -3308.56388889 3826.99166667 -7.13555555556
 76
 sum_p: 76 -3337.59027778 3777.6875 -7.11527777778
 77
 sum_p: 77 -3322.88861111 3734.05583333 -7.05694444444
 78
 sum_p: 78 -3326.98861111 3673.01138889 -7.0
 79
 sum_p: 79 -3296.27694444 3703.72305556 -7.0
 80
 sum_p: 80 -3280.73305556 3743.98916667 -7.02472222222
 81
 sum_p: 81 -3289.28861111 3710.71138889 -7.0
 82
 sum_p: 82 -3303.12083333 4009.37916667 -7.3125
 83
 sum_p: 83 -3315.82111111 3684.17888889 -7.0
 84
 sum_p: 84 -3278.19972222 3721.80027778 -7.0
 85
 sum_p: 85 -3274.34861111 3725.65138889 -7.0
 86
 sum_p: 86 -3311.23138889 4064.60194444 -7.37583333333
 87
 sum_p: 87 -3330.90805556 3931.03638889 -7.26194444444
 88
 sum_p: 88 -3312.35277778 3728.75833333 -7.04111111111
 89
 sum_p: 89 -3286.88583333 3713.11416667 -7.0
 90
 sum_p: 90 -3274.60444444 3725.39555556 -7.0
 91
 sum_p: 91 -3363.40694444 3801.31527778 -7.16472222222
 92
 sum_p: 92 -3271.87777778 4483.95555556 -7.75583333333
 93
 sum_p: 93 -3313.02333333 3686.97666667 -7.0
 94
 sum_p: 94 -3279.63611111 4450.91944444 -7.73055555556
 95
 sum_p: 95 -3291.01666667 3708.98333333 -7.0
 96
 sum_p: 96 -3250.61444444 3749.38555556 -7.0
 97
 sum_p: 97 -3265.50694444 4086.71527778 -7.35222222222
 98
 sum_p: 98 -3234.28055556 3765.71944444 -7.0
 99
 sum_p: 99 -3268.47888889 3731.52111111 -7.0
 '[0.0, 0.0, 0.3, 0.0, 0.0, 0.0, 0.0, 0.0, 0.0, 0.0, 0.0, 0.0, 0.0, 0.0, 0.0, 0.0, 0.0, 0.0, 0.0, 0.0, 0.0, 0.0, 0.0, 0.0, 0.0, 0.0, 0.0, 0.0, 0.0, 0.1, 0.0, 0.0, 0.0, 0.0, 0.0, 0.0, 0.0, 0.1, 0.0, 0.0, 0.0, 0.0, 0.0, 0.0, 0.0, 0.0, 0.0, 0.0, 0.0, 0.0, 0.0, 0.0, 0.0, 0.0, 0.0, 0.0, 0.0, 0.0, 0.2, 0.0, 0.0, 0.2, 0.0, 0.0, 0.0, 0.0, 0.0, 0.0, 0.0, 0.0, 0.0, 0.0, 0.0, 0.0, 0.0, 0.0, 0.0, 0.0, 0.0, 0.0, 0.0, 0.0, 0.0, 0.0, 0.0, 0.0, 0.0, 0.0, 0.0, 0.8, 0.1, 0.0, 0.0, 0.0, 0.0, 0.0, 0.0, 0.0, 0.2, 0.0, 0.1, 0.1, 0.1, 0.1, 0.1, 0.1, 0.1, 0.1, 0.1, 0.1, 0.1, 0.1, 0.1, 0.1, 0.1, 0.1, 0.1, 0.1, 0.1, 0.1, 0.1, 0.1, 0.1, 0.1, 0.1, 0.1, 0.1, 0.1, 0.9, 0.1, 0.1, 0.1, 0.1, 0.1, 0.1, 0.1, 0.1, 0.1, 0.1, 0.1, 0.9, 0.1, 0.1, 0.1, 0.1, 0.1, 0.1, 0.1, 0.1, 0.1, 0.1, 0.1, 0.1, 0.8, 0.1, 0.1, 0.1, 0.1, 0.1, 0.1, 0.1, 0.1, 0.1, 0.1, 0.1, 0.1, 0.1, 0.1, 0.1, 0.1, 0.1, 0.0, 0.1, 0.1, 0.1, 0.1, 0.1, 0.1, 0.1, 0.1, 0.1, 0.1, 0.1, 0.1, 0.1, 0.1, 0.1, 0.1, 0.1, 0.1, 0.1, 0.1, 0.1, 0.1, 0.1, 0.1, 0.1, 0.1, 0.1, 0.1, 0.2, 0.2, 0.2, 0.2, 0.2, 0.2, 0.2, 0.2, 0.2, 0.2, 0.2, 0.2, 0.9, 0.2, 0.2, 0.2, 0.1, 0.2, 0.2, 0.2, 0.2, 0.2, 0.2, 0.2, 0.2, 0.2, 0.2, 0.2, 0.2, 0.2, 0.2, 0.2, 0.2, 0.2, 0.2, 0.2, 0.2, 0.2, 0.2, 0.2, 0.8, 0.2, 0.2, 0.2, 0.2, 0.2, 0.2, 0.2, 0.2, 0.2, 0.2, 0.2, 0.2, 0.0, 0.2, 0.2, 0.2, 0.2, 0.2, 0.2, 0.2, 0.2, 0.2, 0.2, 0.2, 0.2, 0.2, 0.2, 0.2, 0.2, 0.2, 0.0, 0.2, 0.2, 0.2, 0.2, 0.2, 0.2, 0.2, 0.2, 0.2, 0.2, 0.2, 0.2, 0.2, 0.2, 0.2, 0.2, 0.2, 0.2, 0.2, 0.2, 0.2, 0.2, 0.2, 0.2, 0.2, 0.2, 0.2, 0.2, 0.9, 0.3, 0.3, 0.3, 0.3, 0.3, 0.3, 0.3, 0.3, 0.3, 0.3, 0.3, 0.3, 0.3, 0.4, 0.3, 0.3, 0.3, 0.3, 0.3, 0.3, 0.3, 0.3, 0.3, 0.3, 0.3, 0.3, 0.3, 0.3, 0.3, 0.3, 0.3, 0.3, 0.3, 0.3, 0.3, 0.3, 0.3, 0.3, 0.3, 0.3, 0.3, 0.3, 0.3, 0.3, 0.3, 0.3, 0.3, 0.3, 0.3, 0.3, 0.3, 0.0, 0.3, 0.3, 0.3, 0.3, 0.3, 0.3, 0.3, 0.3, 0.3, 0.3, 0.3, 0.3, 0.3, 0.3, 0.3, 0.3, 0.3, 0.3, 0.3, 0.3, 0.3, 0.3, 0.8, 0.3, 0.3, 0.3, 0.3, 0.3, 0.3, 0.3, 0.3, 0.3, 0.0, 0.3, 0.3, 0.3, 0.8, 0.3, 0.3, 0.3, 0.3, 0.3, 0.3, 0.1, 0.3, 0.3, 0.2, 0.4, 0.4, 0.4, 0.4, 0.4, 0.3, 0.2, 0.4, 0.4, 0.4, 0.4, 0.4, 0.4, 0.4, 0.4, 0.4, 0.4, 0.4, 0.4, 0.4, 0.9, 0.9, 0.4, 0.4, 0.4, 0.4, 0.4, 0.4, 0.4, 0.4, 0.0, 0.4, 0.4, 0.4, 0.4, 0.4, 0.4, 0.4, 0.4, 0.4, 0.4, 0.4, 0.4, 0.4, 0.4, 0.4, 0.4, 0.4, 0.4, 0.4, 0.4, 0.4, 0.2, 0.4, 0.4, 0.4, 0.4, 0.4, 0.4, 0.4, 0.4, 0.4, 0.4, 0.4, 0.4, 0.4, 0.4, 0.4, 0.8, 0.4, 0.4, 0.4, 0.4, 0.4, 0.4, 0.4, 0.4, 0.4, 0.8, 0.4, 0.4, 0.4, 0.4, 0.4, 0.4, 0.4, 0.4, 0.4, 0.4, 0.4, 0.4, 0.4, 0.9, 0.4, 0.4, 0.4, 0.4, 0.4, 0.4, 0.4, 0.5, 0.5, 0.5, 0.5, 0.5, 0.5, 0.5, 0.5, 0.5, 0.5, 0.3, 0.5, 0.5, 0.5, 0.5, 0.0, 0.5, 0.5, 0.5, 0.5, 0.5, 0.5, 0.5, 0.5, 0.2, 0.5, 0.5, 0.5, 0.5, 0.5, 0.1, 0.5, 0.5, 0.5, 0.5, 0.3, 0.5, 0.5, 0.5, 0.5, 0.5, 0.5, 0.5, 0.5, 0.5, 0.5, 0.5, 0.5, 0.5, 0.5, 0.5, 0.5, 0.5, 0.5, 0.5, 0.5, 0.5, 0.5, 0.5, 0.5, 0.5, 0.5, 0.5, 0.5, 0.5, 0.5, 0.5, 0.5, 0.5, 0.5, 0.5, 0.5, 0.5, 0.5, 0.5, 0.4, 0.5, 0.5, 0.5, 0.5, 0.5, 0.5, 0.5, 0.5, 0.5, 0.3, 0.5, 0.5, 0.5, 0.5, 0.5, 0.5, 0.5, 0.5, 0.5, 0.5, 0.5, 0.5, 0.0, 0.5, 0.6, 0.2, 0.6, 0.6, 0.6, 0.6, 0.6, 0.6, 0.6, 0.6, 0.6, 0.6, 0.6, 0.6, 0.6, 0.6, 0.6, 0.6, 0.6, 0.6, 0.6, 0.6, 0.6, 0.6, 0.6, 0.6, 0.6, 0.6, 0.6, 0.6, 0.6, 0.6, 0.6, 0.6, 0.6, 0.6, 0.9, 0.6, 0.6, 0.6, 0.6, 0.5, 0.6, 0.6, 0.6, 0.6, 0.6, 0.6, 0.5, 0.6, 0.6, 0.6, 0.8, 0.6, 0.6, 0.6, 0.6, 0.2, 0.6, 0.6, 0.6, 0.6, 0.6, 0.6, 0.6, 0.6, 0.6, 0.6, 0.6, 0.6, 0.6, 0.6, 0.6, 0.0, 0.6, 0.4, 0.1, 0.6, 0.6, 0.6, 0.6, 0.6, 0.6, 0.6, 0.6, 0.6, 0.6, 0.6, 0.6, 0.6, 0.6, 0.0, 0.6, 0.6, 0.6, 0.6, 0.6, 0.6, 0.6, 0.6, 0.7, 0.7, 0.7, 0.7, 0.7, 0.7, 0.7, 0.7, 0.7, 0.7, 0.7, 0.7, 0.7, 0.7, 0.0, 0.7, 0.7, 0.7, 0.7, 0.7, 0.7, 0.7, 0.7, 0.7, 0.7, 0.7, 0.7, 0.7, 0.7, 0.7, 0.7, 0.0, 0.7, 0.7, 0.7, 0.7, 0.7, 0.7, 0.7, 0.7, 0.9, 0.7, 0.7, 0.7, 0.7, 0.7, 0.7, 0.7, 0.7, 0.7, 0.7, 0.7, 0.7, 0.7, 0.7, 0.7, 0.7, 0.7, 0.7, 0.7, 0.7, 0.7, 0.7, 0.7, 0.7, 0.7, 0.7, 0.7, 0.7, 0.7, 0.7, 0.7, 0.7, 0.7, 0.7, 0.7, 0.7, 0.7, 0.7, 0.7, 0.1, 0.7, 0.7, 0.8, 0.7, 0.7, 0.7, 0.7, 0.7, 0.0, 0.7, 0.7, 0.7, 0.7, 0.3, 0.7, 0.7, 0.7, 0.7, 0.7, 0.8, 0.8, 0.8, 0.8, 0.8, 0.8, 0.8, 0.1, 0.8, 0.8, 0.8, 0.8, 0.8, 0.8, 0.8, 0.8, 0.8, 0.8, 0.8, 0.1, 0.8, 0.8, 0.8, 0.8, 0.8, 0.2, 0.8, 0.8, 0.8, 0.8, 0.8, 0.8, 0.8, 0.8, 0.8, 0.8, 0.8, 0.8, 0.5, 0.8, 0.8, 0.8, 0.8, 0.8, 0.2, 0.8, 0.8, 0.8, 0.8, 0.8, 0.8, 0.0, 0.8, 0.4, 0.8, 0.8, 0.8, 0.8, 0.8, 0.8, 0.8, 0.8, 0.8, 0.8, 0.8, 0.8, 0.8, 0.8, 0.8, 0.8, 0.8, 0.8, 0.8, 0.0, 0.8, 0.8, 0.8, 0.8, 0.8, 0.8, 0.8, 0.8, 0.8, 0.0, 0.8, 0.8, 0.8, 0.8, 0.8, 0.8, 0.0, 0.8, 0.8, 0.8, 0.8, 0.8, 0.8, 0.8, 0.8, 0.8, 0.9, 0.9, 0.9, 0.9, 0.9, 0.9, 0.9, 0.9, 0.9, 0.9, 0.9, 0.1, 0.9, 0.9, 0.9, 0.9, 0.9, 0.9, 0.9, 0.9, 0.9, 0.9, 0.9, 0.9, 0.9, 0.9, 0.9, 0.9, 0.9, 0.9, 0.9, 0.9, 0.9, 0.9, 0.9, 0.9, 0.9, 0.9, 0.0, 0.9, 0.9, 0.9, 0.9, 0.2, 0.9, 0.1, 0.9, 0.9, 0.9, 0.9, 0.9, 0.3, 0.9, 0.9, 0.9, 0.9, 0.9, 0.9, 0.9, 0.9, 0.9, 0.9, 0.9, 0.9, 0.9, 0.9, 0.9, 0.9, 0.9, 0.9, 0.9, 0.9, 0.9, 0.9, 0.9, 0.9, 0.9, 0.9, 0.9, 0.9, 0.9, 0.9, 0.9, 0.9, 0.9, 0.9, 0.9, 0.9, 0.1, 0.9, 0.9, 0.9, 0.9, 0.9, 0.9, 0.3, 0.9, 0.9, 0.9, 0.9]'
 0
 sum_p: 0 -3441.655 3608.62277778 -7.05027777778
 1
 sum_p: 1 -3396.53694444 3643.74083333 -7.04027777778
 2
 sum_p: 2 -3405.76305556 3594.23694444 -7.0
 3
 sum_p: 3 -3437.33833333 3942.38388889 -7.37972222222
 4
 sum_p: 4 -3446.59555556 3553.40444444 -7.0
 5
 sum_p: 5 -3421.08361111 3638.63861111 -7.05972222222
 6
 sum_p: 6 -3412.34 4137.38222222 -7.54972222222
 7
 sum_p: 7 -3427.85305556 3572.14694444 -7.0
 8
 sum_p: 8 -3438.38472222 4047.17083333 -7.48555555556
 9
 sum_p: 9 -3425.16472222 3574.83527778 -7.0
 10
 sum_p: 10 -3392.99583333 3607.00416667 -7.0
 11
 sum_p: 11 -3429.53166667 3570.46833333 -7.0
 12
 sum_p: 12 -3395.75194444 3604.24805556 -7.0
 13
 sum_p: 13 -3359.15833333 3640.84166667 -7.0
 14
 sum_p: 14 -3408.31305556 3591.68694444 -7.0
 15
 sum_p: 15 -3406.82111111 3593.17888889 -7.0
 16
 sum_p: 16 -3364.22777778 3635.77222222 -7.0
 17
 sum_p: 17 -3400.40055556 3599.59944444 -7.0
 18
 sum_p: 18 -3391.68027778 3837.20861111 -7.22888888889
 19
 sum_p: 19 -3403.87722222 3596.12277778 -7.0
 20
 sum_p: 20 -3421.11277778 3578.88722222 -7.0
 21
 sum_p: 21 -3374.97361111 3625.02638889 -7.0
 22
 sum_p: 22 -3371.87388889 3628.12611111 -7.0
 23
 sum_p: 23 -3406.28083333 3593.71916667 -7.0
 24
 sum_p: 24 -3387.94638889 3612.05361111 -7.0
 25
 sum_p: 25 -3377.18555556 3622.81444444 -7.0
 26
 sum_p: 26 -3402.11194444 3597.88805556 -7.0
 27
 sum_p: 27 -3380.62527778 3619.37472222 -7.0
 28
 sum_p: 28 -3391.10277778 3608.89722222 -7.0
 29
 sum_p: 29 -3427.9375 3572.0625 -7.0
 30
 sum_p: 30 -3395.11388889 3604.88611111 -7.0
 31
 sum_p: 31 -3399.05166667 3600.94833333 -7.0
 32
 sum_p: 32 -3416.26944444 3583.73055556 -7.0
 33
 sum_p: 33 -3389.80611111 3672.97166667 -7.06277777778
 34
 sum_p: 34 -3376.68888889 3623.31111111 -7.0
 35
 sum_p: 35 -3387.97416667 3612.02583333 -7.0
 36
 sum_p: 36 -3397.93527778 3602.06472222 -7.0
 37
 sum_p: 37 -3362.61194444 3978.22138889 -7.34083333333
 38
 sum_p: 38 -3380.65416667 3619.34583333 -7.0
 39
 sum_p: 39 -3378.44027778 3621.55972222 -7.0
 40
 sum_p: 40 -3365.43722222 3634.56277778 -7.0
 41
 sum_p: 41 -3338.2125 3661.7875 -7.0
 42
 sum_p: 42 -3383.11861111 3616.88138889 -7.0
 43
 sum_p: 43 -3367.52222222 3632.47777778 -7.0
 44
 sum_p: 44 -3344.255 4073.52277778 -7.41777777778
 45
 sum_p: 45 -3397.26305556 4208.57027778 -7.60583333333
 46
 sum_p: 46 -3382.71638889 3875.89472222 -7.25861111111
 47
 sum_p: 47 -3390.65194444 4021.01472222 -7.41166666667
 48
 sum_p: 48 -3352.70027778 3647.29972222 -7.0
 49
 sum_p: 49 -3388.69138889 3979.36416667 -7.36805555556
 50
 sum_p: 50 -3357.43944444 3642.56055556 -7.0
 51
 sum_p: 51 -3327.78888889 3672.21111111 -7.0
 52
 sum_p: 52 -3347.74944444 3652.25055556 -7.0
 53
 sum_p: 53 -3363.84388889 3802.82277778 -7.16666666667
 54
 sum_p: 54 -3365.57666667 3775.25666667 -7.14083333333
 55
 sum_p: 55 -3370.98611111 3772.625 -7.14361111111
 56
 sum_p: 56 -3354.7025 3645.2975 -7.0
 57
 sum_p: 57 -3402.98527778 3597.01472222 -7.0
 58
 sum_p: 58 -3357.28722222 3642.71277778 -7.0
 59
 sum_p: 59 -3363.64638889 3640.52027778 -7.00416666667
 60
 sum_p: 60 -3339.27083333 3660.72916667 -7.0
 61
 sum_p: 61 -3328.2375 3671.7625 -7.0
 62
 sum_p: 62 -3321.9075 4295.87027778 -7.61777777778
 63
 sum_p: 63 -3335.77694444 3664.22305556 -7.0
 64
 sum_p: 64 -3348.53138889 3687.8575 -7.03638888889
 65
 sum_p: 65 -3335.96194444 4047.64916667 -7.38361111111
 66
 sum_p: 66 -3369.72444444 3731.66444444 -7.10138888889
 67
 sum_p: 67 -3362.975 4084.80277778 -7.44777777778
 68
 sum_p: 68 -3318.42777778 4128.23888889 -7.44666666667
 69
 sum_p: 69 -3347.38861111 3652.61138889 -7.0
 70
 sum_p: 70 -3379.06444444 3620.93555556 -7.0
 71
 sum_p: 71 -3312.28861111 3687.71138889 -7.0
 72
 sum_p: 72 -3353.45111111 4506.27111111 -7.85972222222
 73
 sum_p: 73 -3362.97027778 3674.52972222 -7.0375
 74
 sum_p: 74 -3314.50944444 3685.49055556 -7.0
 75
 sum_p: 75 -3333.44666667 3672.66444444 -7.00611111111
 76
 sum_p: 76 -3342.14111111 3657.85888889 -7.0
 77
 sum_p: 77 -3333.85916667 3666.14083333 -7.0
 78
 sum_p: 78 -3344.56555556 3755.99 -7.10055555556
 79
 sum_p: 79 -3364.19916667 3864.68972222 -7.22888888889
 80
 sum_p: 80 -3287.38027778 3712.61972222 -7.0
 81
 sum_p: 81 -3334.87555556 3665.12444444 -7.0
 82
 sum_p: 82 -3307.01861111 4122.14805556 -7.42916666667
 83
 sum_p: 83 -3315.48166667 3684.51833333 -7.0
 84
 sum_p: 84 -3290.08861111 3709.91138889 -7.0
 85
 sum_p: 85 -3301.76972222 3698.23027778 -7.0
 86
 sum_p: 86 -3311.58694444 4018.41305556 -7.33
 87
 sum_p: 87 -3323.81916667 4558.40305556 -7.88222222222
 88
 sum_p: 88 -3317.91277778 3797.365 -7.11527777778
 89
 sum_p: 89 -3283.46833333 4298.19833333 -7.58166666667
 90
 sum_p: 90 -3290.18166667 3741.20722222 -7.03138888889
 91
 sum_p: 91 -3315.19777778 3802.02444444 -7.11722222222
 92
 sum_p: 92 -3348.57055556 3651.42944444 -7.0
 93
 sum_p: 93 -3275.80694444 3724.19305556 -7.0
 94
 sum_p: 94 -3283.14944444 3716.85055556 -7.0
 95
 sum_p: 95 -3313.71277778 4167.95388889 -7.48166666667
 96
 sum_p: 96 -3275.32277778 3724.67722222 -7.0
 97
 sum_p: 97 -3271.64083333 3728.35916667 -7.0
 98
 sum_p: 98 -3270.30888889 3729.69111111 -7.0
 99
 sum_p: 99 -3261.79916667 3949.58972222 -7.21138888889
 '[0.0, 0.0, 0.0, 0.0, 0.8, 0.0, 0.0, 0.0, 0.0, 0.0, 0.0, 0.0, 0.0, 0.0, 0.0, 0.0, 0.0, 0.0, 0.0, 0.0, 0.0, 0.0, 0.0, 0.0, 0.5, 0.0, 0.0, 0.0, 0.9, 0.0, 0.0, 0.0, 0.0, 0.0, 0.0, 0.0, 0.0, 0.0, 0.0, 0.0, 0.0, 0.0, 0.0, 0.0, 0.0, 0.0, 0.0, 0.4, 0.0, 0.0, 0.0, 0.0, 0.8, 0.0, 0.0, 0.0, 0.0, 0.0, 0.0, 0.1, 0.0, 0.0, 0.0, 0.0, 0.0, 0.0, 0.0, 0.0, 0.0, 0.0, 0.0, 0.8, 0.0, 0.0, 0.0, 0.0, 0.0, 0.0, 0.0, 0.0, 0.0, 0.1, 0.0, 0.0, 0.0, 0.0, 0.0, 0.0, 0.0, 0.1, 0.0, 0.9, 0.0, 0.0, 0.0, 0.0, 0.0, 0.0, 0.0, 0.0, 0.1, 0.1, 0.1, 0.1, 0.1, 0.4, 0.1, 0.1, 0.1, 0.1, 0.1, 0.1, 0.1, 0.1, 0.1, 0.1, 0.1, 0.1, 0.1, 0.1, 0.1, 0.1, 0.1, 0.1, 0.1, 0.1, 0.1, 0.1, 0.1, 0.1, 0.1, 0.1, 0.1, 0.1, 0.1, 0.1, 0.1, 0.1, 0.8, 0.1, 0.5, 0.1, 0.1, 0.1, 0.0, 0.1, 0.1, 0.1, 0.1, 0.1, 0.1, 0.1, 0.1, 0.1, 0.1, 0.1, 0.1, 0.1, 0.1, 0.1, 0.1, 0.1, 0.1, 0.1, 0.1, 0.1, 0.1, 0.1, 0.1, 0.1, 0.9, 0.1, 0.9, 0.1, 0.1, 0.1, 0.1, 0.1, 0.1, 0.1, 0.1, 0.1, 0.1, 0.1, 0.1, 0.1, 0.1, 0.1, 0.1, 0.1, 0.1, 0.1, 0.1, 0.1, 0.1, 0.1, 0.1, 0.1, 0.1, 0.1, 0.1, 0.2, 0.2, 0.2, 0.2, 0.0, 0.2, 0.2, 0.2, 0.2, 0.2, 0.2, 0.2, 0.2, 0.0, 0.2, 0.2, 0.2, 0.2, 0.2, 0.2, 0.8, 0.2, 0.2, 0.2, 0.2, 0.2, 0.2, 0.2, 0.2, 0.2, 0.2, 0.2, 0.2, 0.2, 0.2, 0.2, 0.2, 0.2, 0.2, 0.2, 0.1, 0.2, 0.2, 0.2, 0.2, 0.2, 0.2, 0.2, 0.2, 0.2, 0.2, 0.2, 0.2, 0.2, 0.2, 0.8, 0.8, 0.0, 0.2, 0.0, 0.2, 0.2, 0.2, 0.2, 0.2, 0.2, 0.2, 0.2, 0.2, 0.2, 0.2, 0.2, 0.2, 0.2, 0.2, 0.2, 0.2, 0.2, 0.2, 0.2, 0.2, 0.2, 0.2, 0.2, 0.2, 0.3, 0.2, 0.0, 0.2, 0.2, 0.2, 0.2, 0.2, 0.2, 0.2, 0.2, 0.2, 0.2, 0.1, 0.3, 0.3, 0.3, 0.3, 0.1, 0.3, 0.3, 0.3, 0.2, 0.1, 0.3, 0.3, 0.3, 0.3, 0.3, 0.3, 0.3, 0.3, 0.3, 0.3, 0.3, 0.3, 0.3, 0.3, 0.8, 0.3, 0.3, 0.3, 0.3, 0.3, 0.3, 0.3, 0.3, 0.3, 0.3, 0.3, 0.3, 0.9, 0.3, 0.3, 0.3, 0.3, 0.2, 0.4, 0.3, 0.3, 0.3, 0.3, 0.3, 0.3, 0.3, 0.8, 0.3, 0.4, 0.3, 0.3, 0.3, 0.9, 0.0, 0.3, 0.1, 0.3, 0.3, 0.4, 0.3, 0.3, 0.3, 0.3, 0.3, 0.3, 0.3, 0.3, 0.3, 0.3, 0.3, 0.3, 0.3, 0.3, 0.3, 0.3, 0.3, 0.3, 0.3, 0.3, 0.3, 0.3, 0.3, 0.3, 0.3, 0.3, 0.3, 0.3, 0.3, 0.2, 0.3, 0.0, 0.3, 0.3, 0.3, 0.3, 0.4, 0.4, 0.4, 0.4, 0.4, 0.4, 0.4, 0.4, 0.4, 0.4, 0.4, 0.4, 0.4, 0.4, 0.4, 0.9, 0.4, 0.4, 0.4, 0.4, 0.4, 0.4, 0.4, 0.4, 0.4, 0.4, 0.4, 0.1, 0.4, 0.4, 0.4, 0.4, 0.4, 0.4, 0.4, 0.4, 0.4, 0.4, 0.4, 0.4, 0.4, 0.3, 0.4, 0.4, 0.4, 0.4, 0.4, 0.4, 0.4, 0.4, 0.4, 0.4, 0.4, 0.4, 0.4, 0.4, 0.4, 0.4, 0.4, 0.4, 0.4, 0.4, 0.4, 0.4, 0.4, 0.4, 0.4, 0.4, 0.4, 0.4, 0.4, 0.4, 0.4, 0.4, 0.4, 0.4, 0.4, 0.4, 0.4, 0.4, 0.4, 0.4, 0.4, 0.4, 0.4, 0.2, 0.4, 0.4, 0.4, 0.4, 0.4, 0.4, 0.4, 0.4, 0.4, 0.4, 0.4, 0.4, 0.4, 0.5, 0.5, 0.5, 0.5, 0.5, 0.5, 0.5, 0.5, 0.5, 0.5, 0.5, 0.5, 0.5, 0.5, 0.5, 0.5, 0.5, 0.5, 0.5, 0.5, 0.5, 0.5, 0.5, 0.5, 0.5, 0.5, 0.5, 0.5, 0.8, 0.5, 0.5, 0.5, 0.5, 0.5, 0.5, 0.5, 0.5, 0.5, 0.5, 0.5, 0.8, 0.5, 0.5, 0.5, 0.5, 0.5, 0.3, 0.5, 0.5, 0.5, 0.5, 0.5, 0.5, 0.5, 0.5, 0.5, 0.5, 0.4, 0.5, 0.5, 0.5, 0.5, 0.5, 0.5, 0.5, 0.5, 0.5, 0.5, 0.3, 0.5, 0.5, 0.5, 0.5, 0.3, 0.5, 0.5, 0.5, 0.5, 0.5, 0.5, 0.5, 0.5, 0.5, 0.5, 0.5, 0.5, 0.5, 0.5, 0.5, 0.5, 0.5, 0.5, 0.5, 0.5, 0.5, 0.5, 0.5, 0.5, 0.5, 0.5, 0.5, 0.6, 0.6, 0.6, 0.6, 0.1, 0.6, 0.6, 0.6, 0.6, 0.6, 0.6, 0.6, 0.6, 0.9, 0.6, 0.6, 0.6, 0.6, 0.6, 0.6, 0.6, 0.6, 0.6, 0.6, 0.6, 0.6, 0.6, 0.2, 0.6, 0.6, 0.6, 0.6, 0.6, 0.0, 0.6, 0.6, 0.6, 0.6, 0.6, 0.8, 0.6, 0.6, 0.6, 0.1, 0.6, 0.6, 0.5, 0.6, 0.6, 0.6, 0.6, 0.6, 0.6, 0.9, 0.6, 0.6, 0.6, 0.6, 0.6, 0.6, 0.6, 0.6, 0.6, 0.6, 0.6, 0.6, 0.6, 0.6, 0.6, 0.6, 0.1, 0.6, 0.6, 0.6, 0.6, 0.8, 0.6, 0.6, 0.6, 0.6, 0.6, 0.6, 0.6, 0.6, 0.6, 0.6, 0.6, 0.6, 0.6, 0.6, 0.6, 0.6, 0.6, 0.8, 0.6, 0.6, 0.6, 0.6, 0.6, 0.6, 0.7, 0.7, 0.7, 0.7, 0.7, 0.7, 0.7, 0.7, 0.7, 0.7, 0.7, 0.7, 0.0, 0.7, 0.7, 0.7, 0.7, 0.7, 0.7, 0.7, 0.7, 0.7, 0.7, 0.0, 0.7, 0.7, 0.7, 0.7, 0.7, 0.7, 0.7, 0.7, 0.7, 0.7, 0.7, 0.7, 0.7, 0.7, 0.7, 0.7, 0.7, 0.7, 0.7, 0.7, 0.7, 0.7, 0.7, 0.7, 0.7, 0.7, 0.7, 0.7, 0.7, 0.7, 0.7, 0.5, 0.7, 0.7, 0.7, 0.7, 0.7, 0.7, 0.7, 0.7, 0.7, 0.7, 0.7, 0.7, 0.7, 0.7, 0.7, 0.4, 0.7, 0.7, 0.2, 0.7, 0.7, 0.7, 0.7, 0.7, 0.7, 0.7, 0.7, 0.7, 0.7, 0.7, 0.7, 0.7, 0.7, 0.7, 0.7, 0.7, 0.7, 0.7, 0.7, 0.7, 0.7, 0.7, 0.7, 0.7, 0.8, 0.8, 0.8, 0.8, 0.8, 0.8, 0.8, 0.8, 0.8, 0.8, 0.8, 0.8, 0.8, 0.8, 0.2, 0.3, 0.8, 0.8, 0.8, 0.8, 0.8, 0.8, 0.8, 0.8, 0.8, 0.8, 0.8, 0.8, 0.8, 0.8, 0.8, 0.8, 0.8, 0.2, 0.0, 0.8, 0.8, 0.8, 0.8, 0.8, 0.1, 0.8, 0.8, 0.8, 0.8, 0.8, 0.1, 0.8, 0.8, 0.8, 0.8, 0.8, 0.8, 0.8, 0.8, 0.8, 0.8, 0.8, 0.8, 0.8, 0.8, 0.8, 0.8, 0.8, 0.8, 0.8, 0.8, 0.8, 0.8, 0.8, 0.8, 0.8, 0.8, 0.8, 0.8, 0.8, 0.8, 0.8, 0.8, 0.8, 0.8, 0.8, 0.8, 0.8, 0.8, 0.8, 0.8, 0.8, 0.8, 0.0, 0.8, 0.7, 0.8, 0.8, 0.8, 0.8, 0.8, 0.8, 0.8, 0.8, 0.5, 0.9, 0.9, 0.9, 0.9, 0.9, 0.9, 0.9, 0.9, 0.9, 0.9, 0.9, 0.9, 0.0, 0.9, 0.1, 0.9, 0.9, 0.9, 0.9, 0.9, 0.9, 0.3, 0.9, 0.9, 0.9, 0.9, 0.9, 0.9, 0.9, 0.9, 0.9, 0.9, 0.9, 0.9, 0.9, 0.9, 0.9, 0.9, 0.9, 0.9, 0.9, 0.9, 0.9, 0.9, 0.9, 0.9, 0.9, 0.9, 0.9, 0.9, 0.9, 0.9, 0.9, 0.9, 0.9, 0.9, 0.9, 0.9, 0.9, 0.9, 0.9, 0.9, 0.9, 0.0, 0.9, 0.9, 0.9, 0.9, 0.9, 0.9, 0.9, 0.1, 0.0, 0.5, 0.9, 0.9, 0.9, 0.9, 0.9, 0.9, 0.9, 0.9, 0.9, 0.9, 0.9, 0.9, 0.9, 0.9, 0.9, 0.9, 0.9, 0.9, 0.9, 0.9, 0.9, 0.9, 0.9, 0.8, 0.9]'
 0
 sum_p: 0 -3939.55 4060.45 -8.0
 1
 sum_p: 1 -3975.205 4024.795 -8.0
 2
 sum_p: 2 -3968.71583333 4031.28416667 -8.0
 3
 sum_p: 3 -3964.4375 4035.5625 -8.0
 4
 sum_p: 4 -3948.29388889 4051.70611111 -8.0
 5
 sum_p: 5 -3967.02138889 4032.97861111 -8.0
 6
 sum_p: 6 -3928.84916667 4071.15083333 -8.0
 7
 sum_p: 7 -3981.44138889 4018.55861111 -8.0
 8
 sum_p: 8 -3956.09444444 4043.90555556 -8.0
 9
 sum_p: 9 -3958.08111111 4041.91888889 -8.0
 10
 sum_p: 10 -3944.25666667 4055.74333333 -8.0
 11
 sum_p: 11 -3969.08777778 4030.91222222 -8.0
 12
 sum_p: 12 -3938.48861111 4061.51138889 -8.0
 13
 sum_p: 13 -3935.15166667 4064.84833333 -8.0
 14
 sum_p: 14 -3958.26166667 4041.73833333 -8.0
 15
 sum_p: 15 -3946.21972222 4053.78027778 -8.0
 16
 sum_p: 16 -3929.93138889 4070.06861111 -8.0
 17
 sum_p: 17 -3928.54861111 4071.45138889 -8.0
 18
 sum_p: 18 -3966.59861111 4033.40138889 -8.0
 19
 sum_p: 19 -3932.07027778 4067.92972222 -8.0
 20
 sum_p: 20 -3909.54 4090.46 -8.0
 21
 sum_p: 21 -3926.66166667 4073.33833333 -8.0
 22
 sum_p: 22 -3921.11694444 4078.88305556 -8.0
 23
 sum_p: 23 -3925.63916667 4074.36083333 -8.0
 24
 sum_p: 24 -3933.48222222 4066.51777778 -8.0
 25
 sum_p: 25 -3922.07083333 4077.92916667 -8.0
 26
 sum_p: 26 -3914.69722222 4085.30277778 -8.0
 27
 sum_p: 27 -3914.48111111 4085.51888889 -8.0
 28
 sum_p: 28 -3898.62027778 4101.37972222 -8.0
 29
 sum_p: 29 -3929.44694444 4070.55305556 -8.0
 30
 sum_p: 30 -3929.50361111 4070.49638889 -8.0
 31
 sum_p: 31 -3915.48 4084.52 -8.0
 32
 sum_p: 32 -3898.69222222 4101.30777778 -8.0
 33
 sum_p: 33 -3938.94916667 4061.05083333 -8.0
 34
 sum_p: 34 -3927.995 4072.005 -8.0
 35
 sum_p: 35 -3887.95472222 4112.04527778 -8.0
 36
 sum_p: 36 -3914.05638889 4085.94361111 -8.0
 37
 sum_p: 37 -3936.42416667 4063.57583333 -8.0
 38
 sum_p: 38 -3911.5 4088.5 -8.0
 39
 sum_p: 39 -3898.21472222 4101.78527778 -8.0
 40
 sum_p: 40 -3916.11138889 4083.88861111 -8.0
 41
 sum_p: 41 -3917.19138889 4082.80861111 -8.0
 42
 sum_p: 42 -3926.73083333 4073.26916667 -8.0
 43
 sum_p: 43 -3921.71055556 4078.28944444 -8.0
 44
 sum_p: 44 -3904.02944444 4095.97055556 -8.0
 45
 sum_p: 45 -3921.335 4078.665 -8.0
 46
 sum_p: 46 -3903.47472222 4096.52527778 -8.0
 47
 sum_p: 47 -3912.57611111 4087.42388889 -8.0
 48
 sum_p: 48 -3916.93027778 4083.06972222 -8.0
 49
 sum_p: 49 -3902.19583333 4097.80416667 -8.0
 50
 sum_p: 50 -3924.21972222 4075.78027778 -8.0
 51
 sum_p: 51 -3926.39583333 4073.60416667 -8.0
 52
 sum_p: 52 -3915.39277778 4084.60722222 -8.0
 53
 sum_p: 53 -3896.96222222 4103.03777778 -8.0
 54
 sum_p: 54 -3931.5125 4068.4875 -8.0
 55
 sum_p: 55 -3901.50805556 4098.49194444 -8.0
 56
 sum_p: 56 -3917.67277778 4082.32722222 -8.0
 57
 sum_p: 57 -3908.46138889 4091.53861111 -8.0
 58
 sum_p: 58 -3891.44638889 4108.55361111 -8.0
 59
 sum_p: 59 -3911.52388889 4088.47611111 -8.0
 60
 sum_p: 60 -3900.27472222 4099.72527778 -8.0
 61
 sum_p: 61 -3880.735 4119.265 -8.0
 62
 sum_p: 62 -3887.44583333 4112.55416667 -8.0
 63
 sum_p: 63 -3919.40166667 4080.59833333 -8.0
 64
 sum_p: 64 -3897.19972222 4102.80027778 -8.0
 65
 sum_p: 65 -3889.24444444 4110.75555556 -8.0
 66
 sum_p: 66 -3903.5625 4096.4375 -8.0
 67
 sum_p: 67 -3830.72666667 4169.27333333 -8.0
 68
 sum_p: 68 -3903.80361111 4096.19638889 -8.0
 69
 sum_p: 69 -3885.05194444 4114.94805556 -8.0
 70
 sum_p: 70 -3884.00138889 4115.99861111 -8.0
 71
 sum_p: 71 -3865.09083333 4134.90916667 -8.0
 72
 sum_p: 72 -3864.78638889 4135.21361111 -8.0
 73
 sum_p: 73 -3880.39166667 4119.60833333 -8.0
 74
 sum_p: 74 -3878.04527778 4121.95472222 -8.0
 75
 sum_p: 75 -3896.95111111 4103.04888889 -8.0
 76
 sum_p: 76 -3861.56388889 4138.43611111 -8.0
 77
 sum_p: 77 -3894.04805556 4105.95194444 -8.0
 78
 sum_p: 78 -3848.76722222 4151.23277778 -8.0
 79
 sum_p: 79 -3857.04333333 4142.95666667 -8.0
 80
 sum_p: 80 -3846.64527778 4153.35472222 -8.0
 81
 sum_p: 81 -3875.64944444 4124.35055556 -8.0
 82
 sum_p: 82 -3873.13861111 4126.86138889 -8.0
 83
 sum_p: 83 -3882.82416667 4117.17583333 -8.0
 84
 sum_p: 84 -3856.65416667 4143.34583333 -8.0
 85
 sum_p: 85 -3861.98222222 4138.01777778 -8.0
 86
 sum_p: 86 -3853.4175 4146.5825 -8.0
 87
 sum_p: 87 -3824.09444444 4175.90555556 -8.0
 88
 sum_p: 88 -3837.10555556 4162.89444444 -8.0
 89
 sum_p: 89 -3862.43944444 4137.56055556 -8.0
 90
 sum_p: 90 -3891.065 4108.935 -8.0
 91
 sum_p: 91 -3856.22916667 4143.77083333 -8.0
 92
 sum_p: 92 -3837.92083333 4162.07916667 -8.0
 93
 sum_p: 93 -3875.61527778 4124.38472222 -8.0
 94
 sum_p: 94 -3845.7725 4154.2275 -8.0
 95
 sum_p: 95 -3852.05472222 4147.94527778 -8.0
 96
 sum_p: 96 -3834.79472222 4165.20527778 -8.0
 97
 sum_p: 97 -3842.72722222 4157.27277778 -8.0
 98
 sum_p: 98 -3827.05305556 4172.94694444 -8.0
 99
 sum_p: 99 -3833.94111111 4166.05888889 -8.0
 '[0.0, 0.5, 0.0, 0.0, 0.0, 0.0, 0.0, 0.0, 0.0, 0.0, 0.0, 0.4, 0.0, 0.0, 0.0, 0.0, 0.7, 0.5, 0.0, 0.0, 0.3, 0.0, 0.0, 0.0, 0.0, 0.0, 0.0, 0.1, 0.0, 0.0, 0.0, 0.0, 0.0, 0.0, 0.0, 0.0, 0.0, 0.0, 0.0, 0.0, 0.0, 0.0, 0.0, 0.0, 0.0, 0.0, 0.2, 0.0, 0.0, 0.0, 0.0, 0.0, 0.0, 0.0, 0.0, 0.0, 0.0, 0.0, 0.0, 0.0, 0.0, 0.0, 0.0, 0.0, 0.0, 0.0, 0.0, 0.0, 0.0, 0.0, 0.0, 0.0, 0.0, 0.0, 0.0, 0.0, 0.0, 0.0, 0.0, 0.0, 0.0, 0.0, 0.0, 0.0, 0.0, 0.0, 0.0, 0.0, 0.0, 0.0, 0.0, 0.0, 0.0, 0.0, 0.0, 0.0, 0.0, 0.0, 0.0, 0.0, 0.1, 0.1, 0.1, 0.1, 0.1, 0.1, 0.1, 0.1, 0.1, 0.1, 0.1, 0.1, 0.1, 0.3, 0.1, 0.1, 0.1, 0.1, 0.1, 0.1, 0.1, 0.1, 0.1, 0.1, 0.0, 0.1, 0.1, 0.1, 0.1, 0.1, 0.1, 0.1, 0.1, 0.1, 0.1, 0.1, 0.1, 0.1, 0.1, 0.1, 0.1, 0.1, 0.1, 0.1, 0.1, 0.1, 0.1, 0.1, 0.1, 0.1, 0.1, 0.1, 0.6, 0.1, 0.1, 0.1, 0.1, 0.1, 0.1, 0.1, 0.1, 0.1, 0.1, 0.1, 0.1, 0.1, 0.1, 0.1, 0.5, 0.1, 0.1, 0.3, 0.1, 0.1, 0.1, 0.1, 0.1, 0.1, 0.1, 0.1, 0.1, 0.1, 0.5, 0.1, 0.1, 0.1, 0.1, 0.1, 0.1, 0.1, 0.1, 0.4, 0.1, 0.1, 0.1, 0.1, 0.1, 0.1, 0.1, 0.1, 0.2, 0.2, 0.2, 0.2, 0.2, 0.2, 0.2, 0.2, 0.2, 0.2, 0.3, 0.2, 0.2, 0.2, 0.2, 0.2, 0.2, 0.2, 0.0, 0.2, 0.2, 0.2, 0.2, 0.6, 0.2, 0.2, 0.2, 0.2, 0.2, 0.2, 0.2, 0.2, 0.2, 0.2, 0.2, 0.2, 0.2, 0.2, 0.2, 0.2, 0.2, 0.2, 0.5, 0.2, 0.6, 0.2, 0.2, 0.2, 0.2, 0.2, 0.2, 0.2, 0.2, 0.2, 0.2, 0.2, 0.2, 0.2, 0.2, 0.2, 0.2, 0.2, 0.2, 0.2, 0.2, 0.2, 0.2, 0.2, 0.2, 0.2, 0.2, 0.2, 0.2, 0.2, 0.2, 0.2, 0.2, 0.2, 0.2, 0.2, 0.2, 0.2, 0.2, 0.2, 0.2, 0.2, 0.2, 0.2, 0.2, 0.2, 0.2, 0.2, 0.2, 0.5, 0.2, 0.2, 0.2, 0.2, 0.2, 0.2, 0.3, 0.3, 0.3, 0.3, 0.4, 0.3, 0.3, 0.3, 0.3, 0.3, 0.3, 0.3, 0.3, 0.3, 0.3, 0.3, 0.3, 0.3, 0.3, 0.3, 0.3, 0.3, 0.3, 0.3, 0.3, 0.3, 0.3, 0.3, 0.3, 0.3, 0.3, 0.4, 0.3, 0.3, 0.3, 0.3, 0.3, 0.2, 0.5, 0.3, 0.3, 0.3, 0.3, 0.3, 0.3, 0.3, 0.3, 0.3, 0.3, 0.3, 0.3, 0.3, 0.3, 0.3, 0.3, 0.3, 0.3, 0.3, 0.3, 0.3, 0.3, 0.3, 0.3, 0.3, 0.3, 0.3, 0.3, 0.2, 0.3, 0.3, 0.2, 0.3, 0.3, 0.3, 0.3, 0.3, 0.3, 0.3, 0.2, 0.3, 0.3, 0.3, 0.3, 0.3, 0.3, 0.3, 0.3, 0.3, 0.3, 0.3, 0.3, 0.3, 0.3, 0.3, 0.3, 0.3, 0.3, 0.3, 0.3, 0.4, 0.4, 0.4, 0.4, 0.4, 0.4, 0.4, 0.4, 0.4, 0.4, 0.4, 0.4, 0.4, 0.4, 0.4, 0.4, 0.4, 0.4, 0.4, 0.4, 0.4, 0.4, 0.4, 0.4, 0.4, 0.4, 0.4, 0.4, 0.4, 0.4, 0.4, 0.4, 0.4, 0.4, 0.4, 0.4, 0.4, 0.4, 0.2, 0.4, 0.4, 0.4, 0.4, 0.4, 0.1, 0.4, 0.4, 0.4, 0.0, 0.4, 0.4, 0.3, 0.4, 0.3, 0.4, 0.4, 0.4, 0.4, 0.4, 0.4, 0.4, 0.4, 0.4, 0.4, 0.4, 0.4, 0.4, 0.4, 0.7, 0.4, 0.4, 0.4, 0.4, 0.4, 0.4, 0.1, 0.4, 0.4, 0.4, 0.4, 0.1, 0.4, 0.4, 0.4, 0.0, 0.4, 0.4, 0.4, 0.4, 0.3, 0.4, 0.4, 0.4, 0.4, 0.4, 0.4, 0.4, 0.4, 0.4, 0.4, 0.4, 0.5, 0.5, 0.1, 0.5, 0.5, 0.5, 0.5, 0.5, 0.5, 0.5, 0.0, 0.5, 0.5, 0.5, 0.5, 0.5, 0.5, 0.5, 0.5, 0.5, 0.5, 0.5, 0.5, 0.5, 0.5, 0.5, 0.5, 0.5, 0.5, 0.1, 0.5, 0.5, 0.5, 0.5, 0.3, 0.5, 0.5, 0.5, 0.5, 0.5, 0.5, 0.5, 0.5, 0.5, 0.5, 0.5, 0.5, 0.5, 0.5, 0.5, 0.5, 0.3, 0.5, 0.2, 0.5, 0.5, 0.5, 0.9, 0.5, 0.5, 0.5, 0.5, 0.5, 0.5, 0.5, 0.5, 0.1, 0.5, 0.5, 0.5, 0.5, 0.5, 0.5, 0.5, 0.5, 0.5, 0.5, 0.5, 0.5, 0.5, 0.5, 0.5, 0.5, 0.9, 0.5, 0.5, 0.5, 0.1, 0.5, 0.5, 0.5, 0.5, 0.5, 0.5, 0.5, 0.5, 0.5, 0.5, 0.5, 0.5, 0.6, 0.6, 0.4, 0.6, 0.6, 0.6, 0.6, 0.6, 0.6, 0.6, 0.6, 0.6, 0.6, 0.6, 0.6, 0.6, 0.6, 0.6, 0.6, 0.6, 0.6, 0.6, 0.6, 0.4, 0.6, 0.6, 0.6, 0.6, 0.6, 0.6, 0.6, 0.6, 0.6, 0.6, 0.6, 0.6, 0.6, 0.6, 0.6, 0.6, 0.6, 0.6, 0.6, 0.6, 0.6, 0.6, 0.6, 0.6, 0.6, 0.6, 0.6, 0.1, 0.6, 0.6, 0.6, 0.6, 0.6, 0.6, 0.6, 0.6, 0.6, 0.6, 0.6, 0.6, 0.0, 0.6, 0.6, 0.6, 0.6, 0.6, 0.6, 0.6, 0.6, 0.6, 0.6, 0.6, 0.6, 0.6, 0.6, 0.6, 0.6, 0.6, 0.6, 0.6, 0.6, 0.6, 0.6, 0.6, 0.6, 0.6, 0.9, 0.3, 0.6, 0.6, 0.6, 0.5, 0.6, 0.6, 0.6, 0.1, 0.7, 0.7, 0.7, 0.7, 0.0, 0.7, 0.7, 0.7, 0.7, 0.7, 0.7, 0.7, 0.7, 0.7, 0.7, 0.7, 0.7, 0.7, 0.3, 0.7, 0.7, 0.7, 0.7, 0.7, 0.7, 0.7, 0.7, 0.7, 0.7, 0.7, 0.7, 0.7, 0.7, 0.7, 0.7, 0.2, 0.7, 0.4, 0.3, 0.7, 0.7, 0.7, 0.7, 0.7, 0.7, 0.7, 0.0, 0.7, 0.7, 0.7, 0.7, 0.7, 0.7, 0.7, 0.7, 0.1, 0.2, 0.7, 0.7, 0.7, 0.7, 0.7, 0.7, 0.7, 0.7, 0.7, 0.7, 0.0, 0.7, 0.7, 0.7, 0.7, 0.7, 0.7, 0.3, 0.7, 0.7, 0.7, 0.7, 0.9, 0.7, 0.7, 0.7, 0.4, 0.7, 0.2, 0.7, 0.7, 0.7, 0.7, 0.7, 0.7, 0.2, 0.7, 0.7, 0.7, 0.7, 0.7, 0.7, 0.7, 0.8, 0.8, 0.8, 0.8, 0.8, 0.8, 0.8, 0.8, 0.8, 0.8, 0.8, 0.5, 0.8, 0.8, 0.8, 0.8, 0.8, 0.8, 0.8, 0.6, 0.8, 0.8, 0.8, 0.8, 0.6, 0.8, 0.8, 0.8, 0.8, 0.8, 0.8, 0.8, 0.8, 0.8, 0.8, 0.8, 0.8, 0.8, 0.8, 0.8, 0.1, 0.8, 0.8, 0.8, 0.8, 0.8, 0.8, 0.8, 0.8, 0.8, 0.8, 0.8, 0.8, 0.8, 0.8, 0.5, 0.8, 0.8, 0.8, 0.8, 0.8, 0.8, 0.8, 0.8, 0.8, 0.8, 0.8, 0.8, 0.8, 0.8, 0.8, 0.8, 0.8, 0.8, 0.8, 0.8, 0.8, 0.0, 0.8, 0.8, 0.8, 0.8, 0.8, 0.8, 0.8, 0.8, 0.8, 0.8, 0.8, 0.8, 0.8, 0.8, 0.8, 0.8, 0.8, 0.8, 0.8, 0.8, 0.8, 0.8, 0.9, 0.9, 0.9, 0.9, 0.9, 0.9, 0.9, 0.9, 0.9, 0.9, 0.9, 0.9, 0.9, 0.9, 0.9, 0.9, 0.9, 0.9, 0.9, 0.9, 0.9, 0.9, 0.9, 0.9, 0.6, 0.9, 0.9, 0.9, 0.9, 0.9, 0.9, 0.9, 0.9, 0.9, 0.9, 0.9, 0.9, 0.9, 0.9, 0.9, 0.9, 0.9, 0.9, 0.9, 0.9, 0.9, 0.9, 0.9, 0.9, 0.9, 0.9, 0.9, 0.9, 0.9, 0.9, 0.7, 0.9, 0.9, 0.9, 0.9, 0.9, 0.9, 0.9, 0.2, 0.9, 0.9, 0.9, 0.9, 0.9, 0.9, 0.2, 0.9, 0.9, 0.9, 0.9, 0.4, 0.9, 0.9, 0.9, 0.9, 0.0, 0.9, 0.9, 0.1, 0.9, 0.9, 0.9, 0.9, 0.9, 0.9, 0.9, 0.9, 0.9, 0.9, 0.9, 0.9, 0.9, 0.9, 0.9, 0.9]'
