 sum_p: 0 -3737.6015873 4262.3984127 -8.0
 sum_fitness: 0 0
 sum_p: 1 -3730.9484127 4269.0515873 -8.0
 sum_fitness: 1 0
 sum_p: 2 -3737.73492063 4262.26507937 -8.0
 sum_fitness: 2 0
 sum_p: 3 -3731.2297619 4268.7702381 -8.0
 sum_fitness: 3 0
 sum_p: 4 -3724.0265873 4275.9734127 -8.0
 sum_fitness: 4 0
 sum_p: 5 -3735.95595238 4264.04404762 -8.0
 sum_fitness: 5 0
 sum_p: 6 -3733.8218254 4266.1781746 -8.0
 sum_fitness: 6 0
 sum_p: 7 -3717.26706349 4282.73293651 -8.0
 sum_fitness: 7 0
 sum_p: 8 -3677.56944444 4322.43055556 -8.0
 sum_fitness: 8 0
 sum_p: 9 -3699.37579365 4300.62420635 -8.0
 sum_fitness: 9 0
 sum_p: 10 -3703.1218254 4296.8781746 -8.0
 sum_fitness: 10 0
 sum_p: 11 -3700.60952381 4299.39047619 -8.0
 sum_fitness: 11 0
 sum_p: 12 -3718.78412698 4281.21587302 -8.0
 sum_fitness: 12 0
 sum_p: 13 -3737.33730159 4262.66269841 -8.0
 sum_fitness: 13 0
 sum_p: 14 -3689.26587302 4310.73412698 -8.0
 sum_fitness: 14 0
 sum_p: 15 -3684.76666667 4315.23333333 -8.0
 sum_fitness: 15 0
 sum_p: 16 -3749.83650794 4250.16349206 -8.0
 sum_fitness: 16 0
 sum_p: 17 -3699.82619048 4300.17380952 -8.0
 sum_fitness: 17 0
 sum_p: 18 -3725.03015873 4274.96984127 -8.0
 sum_fitness: 18 0
 sum_p: 19 -3697.49761905 4302.50238095 -8.0
 sum_fitness: 19 0
 sum_p: 20 -3663.92698413 4336.07301587 -8.0
 sum_fitness: 20 0
 sum_p: 21 -3720.2202381 4279.7797619 -8.0
 sum_fitness: 21 0
 sum_p: 22 -3671.53253968 4328.46746032 -8.0
 sum_fitness: 22 0
 sum_p: 23 -3713.10952381 4286.89047619 -8.0
 sum_fitness: 23 0
 sum_p: 24 -3726.11507937 4273.88492063 -8.0
 sum_fitness: 24 0
 sum_p: 25 -3650.78888889 4349.21111111 -8.0
 sum_fitness: 25 0
 sum_p: 26 -3671.74404762 4328.25595238 -8.0
 sum_fitness: 26 0
 sum_p: 27 -3657.62539683 4342.37460317 -8.0
 sum_fitness: 27 0
 sum_p: 28 -3692.09047619 4307.90952381 -8.0
 sum_fitness: 28 0
 sum_p: 29 -3680.46349206 4319.53650794 -8.0
 sum_fitness: 29 0
 sum_p: 30 -3707.57261905 4292.42738095 -8.0
 sum_fitness: 30 0
 sum_p: 31 -3648.36349206 4351.63650794 -8.0
 sum_fitness: 31 0
 sum_p: 32 -3637.46507937 4362.53492063 -8.0
 sum_fitness: 32 0
 sum_p: 33 -3714.40357143 4285.59642857 -8.0
 sum_fitness: 33 0
 sum_p: 34 -3686.73452381 4313.26547619 -8.0
 sum_fitness: 34 0
 sum_p: 35 -3677.20793651 4322.79206349 -8.0
 sum_fitness: 35 0
 sum_p: 36 -3678.19007937 4321.80992063 -8.0
 sum_fitness: 36 0
 sum_p: 37 -3626.78888889 4373.21111111 -8.0
 sum_fitness: 37 0
 sum_p: 38 -3697.68571429 4302.31428571 -8.0
 sum_fitness: 38 0
 sum_p: 39 -3664.58015873 4335.41984127 -8.0
 sum_fitness: 39 0
 sum_p: 40 -3668.36626984 4331.63373016 -8.0
 sum_fitness: 40 0
 sum_p: 41 -3627.48968254 4372.51031746 -8.0
 sum_fitness: 41 0
 sum_p: 42 -3658.08452381 4341.91547619 -8.0
 sum_fitness: 42 0
 sum_p: 43 -3650.72579365 4349.27420635 -8.0
 sum_fitness: 43 0
 sum_p: 44 -3666.28055556 4333.71944444 -8.0
 sum_fitness: 44 0
 sum_p: 45 -3708.87698413 4291.12301587 -8.0
 sum_fitness: 45 0
 sum_p: 46 -3647.57738095 4352.42261905 -8.0
 sum_fitness: 46 0
 sum_p: 47 -3654.0468254 4345.9531746 -8.0
 sum_fitness: 47 0
 sum_p: 48 -3665.28373016 4334.71626984 -8.0
 sum_fitness: 48 0
 sum_p: 49 -3634.88452381 4365.11547619 -8.0
 sum_fitness: 49 0
 sum_p: 50 -3631.68055556 4368.31944444 -8.0
 sum_fitness: 50 0
 sum_p: 51 -3604.09801587 4395.90198413 -8.0
 sum_fitness: 51 0
 sum_p: 52 -3598.00793651 4401.99206349 -8.0
 sum_fitness: 52 0
 sum_p: 53 -3645.0281746 4354.9718254 -8.0
 sum_fitness: 53 0
 sum_p: 54 -3644.01428571 4355.98571429 -8.0
 sum_fitness: 54 0
 sum_p: 55 -3600.19365079 4399.80634921 -8.0
 sum_fitness: 55 0
 sum_p: 56 -3618.20992063 4381.79007937 -8.0
 sum_fitness: 56 0
 sum_p: 57 -3625.53690476 4374.46309524 -8.0
 sum_fitness: 57 0
 sum_p: 58 -3649.83888889 4350.16111111 -8.0
 sum_fitness: 58 0
 sum_p: 59 -3622.38968254 4377.61031746 -8.0
 sum_fitness: 59 0
 sum_p: 60 -3610.00595238 4389.99404762 -8.0
 sum_fitness: 60 0
 sum_p: 61 -3643.325 4356.675 -8.0
 sum_fitness: 61 0
 sum_p: 62 -3605.475 4394.525 -8.0
 sum_fitness: 62 0
 sum_p: 63 -3536.85 4463.15 -8.0
 sum_fitness: 63 0
 sum_p: 64 -3616.5484127 4383.4515873 -8.0
 sum_fitness: 64 0
 sum_p: 65 -3579.99444444 4420.00555556 -8.0
 sum_fitness: 65 0
 sum_p: 66 -3628.40634921 4371.59365079 -8.0
 sum_fitness: 66 0
 sum_p: 67 -3540.81904762 4459.18095238 -8.0
 sum_fitness: 67 0
 sum_p: 68 -3625.49206349 4374.50793651 -8.0
 sum_fitness: 68 0
 sum_p: 69 -3610.78611111 4389.21388889 -8.0
 sum_fitness: 69 0
 sum_p: 70 -3621.34285714 4378.65714286 -8.0
 sum_fitness: 70 0
 sum_p: 71 -3562.91865079 4437.08134921 -8.0
 sum_fitness: 71 0
 sum_p: 72 -3594.54007937 4405.45992063 -8.0
 sum_fitness: 72 0
 sum_p: 73 -3593.8452381 4406.1547619 -8.0
 sum_fitness: 73 0
 sum_p: 74 -3616.0265873 4383.9734127 -8.0
 sum_fitness: 74 0
 sum_p: 75 -3607.83214286 4392.16785714 -8.0
 sum_fitness: 75 0
 sum_p: 76 -3611.26706349 4388.73293651 -8.0
 sum_fitness: 76 0
 sum_p: 77 -3596.46428571 4403.53571429 -8.0
 sum_fitness: 77 0
 sum_p: 78 -3614.90952381 4385.09047619 -8.0
 sum_fitness: 78 0
 sum_p: 79 -3602.3 4397.7 -8.0
 sum_fitness: 79 0
 sum_p: 80 -3563.3515873 4436.6484127 -8.0
 sum_fitness: 80 0
 sum_p: 81 -3580.35396825 4419.64603175 -8.0
 sum_fitness: 81 0
 sum_p: 82 -3612.40198413 4387.59801587 -8.0
 sum_fitness: 82 0
 sum_p: 83 -3561.89722222 4438.10277778 -8.0
 sum_fitness: 83 0
 sum_p: 84 -3554.0952381 4445.9047619 -8.0
 sum_fitness: 84 0
 sum_p: 85 -3585.72579365 4414.27420635 -8.0
 sum_fitness: 85 0
 sum_p: 86 -3577.6781746 4422.3218254 -8.0
 sum_fitness: 86 0
 sum_p: 87 -3545.20793651 4454.79206349 -8.0
 sum_fitness: 87 0
 sum_p: 88 -3591.29801587 4408.70198413 -8.0
 sum_fitness: 88 0
 sum_p: 89 -3579.9047619 4420.0952381 -8.0
 sum_fitness: 89 0
 sum_p: 90 -3537.43134921 4462.56865079 -8.0
 sum_fitness: 90 0
 sum_p: 91 -3559.75952381 4440.24047619 -8.0
 sum_fitness: 91 0
 sum_p: 92 -3570.58690476 4429.41309524 -8.0
 sum_fitness: 92 0
 sum_p: 93 -3514.50873016 4485.49126984 -8.0
 sum_fitness: 93 0
 sum_p: 94 -3569.16031746 4430.83968254 -8.0
 sum_fitness: 94 0
 sum_p: 95 -3533.85 4466.15 -8.0
 sum_fitness: 95 0
 sum_p: 96 -3505.26468254 4494.73531746 -8.0
 sum_fitness: 96 0
 sum_p: 97 -3548.29246032 4451.70753968 -8.0
 sum_fitness: 97 0
 sum_p: 98 -3533.83531746 4466.16468254 -8.0
 sum_fitness: 98 0
 sum_p: 99 -3509.45952381 4490.54047619 -8.0
 sum_fitness: 99 0
 '[0.0, 0.0, 0.0, 0.0, 0.0, 0.0, 0.0, 0.0, 0.0, 0.0, 0.0, 0.0, 0.0, 0.0, 0.0, 0.0, 0.0, 0.0, 0.0, 0.0, 0.0, 0.0, 0.0, 0.1, 0.0, 0.0, 0.0, 0.0, 0.0, 0.0, 0.0, 0.0, 0.0, 0.0, 0.0, 0.0, 0.0, 0.0, 0.0, 0.0, 0.0, 0.0, 0.9, 0.0, 0.0, 0.0, 0.0, 0.0, 0.0, 0.0, 0.0, 0.0, 0.1, 0.0, 0.0, 0.0, 0.0, 0.0, 0.0, 0.0, 0.0, 0.0, 0.0, 0.0, 0.0, 0.0, 0.0, 0.0, 0.0, 0.0, 0.0, 0.0, 0.0, 0.0, 0.2, 0.0, 0.0, 0.0, 0.0, 0.0, 0.0, 0.0, 0.0, 0.0, 0.2, 0.0, 0.0, 0.0, 0.0, 0.0, 0.0, 0.0, 0.0, 0.0, 0.0, 0.0, 0.0, 0.0, 0.0, 0.0, 0.1, 0.1, 0.1, 0.1, 0.1, 0.1, 0.4, 0.1, 0.1, 0.1, 0.1, 0.1, 0.1, 0.1, 0.1, 0.1, 0.1, 0.1, 0.2, 0.1, 0.1, 0.1, 0.1, 0.1, 0.1, 0.1, 0.1, 0.1, 0.1, 0.1, 0.1, 0.1, 0.1, 0.1, 0.5, 0.1, 0.4, 0.1, 0.1, 0.1, 0.2, 0.1, 0.1, 0.1, 0.1, 0.1, 0.1, 0.1, 0.1, 0.1, 0.1, 0.1, 0.1, 0.1, 0.1, 0.1, 0.1, 0.1, 0.1, 0.1, 0.1, 0.1, 0.1, 0.1, 0.1, 0.1, 0.1, 0.1, 0.1, 0.1, 0.1, 0.1, 0.1, 0.1, 0.1, 0.1, 0.1, 0.1, 0.1, 0.1, 0.1, 0.1, 0.1, 0.9, 0.1, 0.9, 0.9, 0.1, 0.1, 0.1, 0.1, 0.1, 0.1, 0.1, 0.1, 0.1, 0.1, 0.1, 0.1, 0.1, 0.2, 0.2, 0.2, 0.2, 0.2, 0.2, 0.2, 0.2, 0.2, 0.2, 0.2, 0.2, 0.2, 0.2, 0.2, 0.2, 0.2, 0.2, 0.2, 0.2, 0.2, 0.2, 0.2, 0.2, 0.2, 0.2, 0.2, 0.2, 0.2, 0.2, 0.2, 0.2, 0.2, 0.2, 0.2, 0.2, 0.2, 0.2, 0.2, 0.2, 0.2, 0.2, 0.2, 0.2, 0.2, 0.2, 0.2, 0.2, 0.2, 0.2, 0.2, 0.2, 0.2, 0.2, 0.2, 0.2, 0.2, 0.2, 0.2, 0.2, 0.2, 0.2, 0.2, 0.2, 0.2, 0.2, 0.2, 0.2, 0.2, 0.2, 0.2, 0.2, 0.2, 0.2, 0.2, 0.2, 0.2, 0.2, 0.2, 0.2, 0.3, 0.2, 0.1, 0.2, 0.2, 0.2, 0.2, 0.2, 0.2, 0.2, 0.3, 0.2, 0.2, 0.2, 0.2, 0.2, 0.2, 0.2, 0.0, 0.2, 0.5, 0.3, 0.3, 0.3, 0.3, 0.3, 0.3, 0.9, 0.3, 0.2, 0.3, 0.3, 0.3, 0.3, 0.3, 0.3, 0.0, 0.3, 0.3, 0.3, 0.3, 0.3, 0.3, 0.3, 0.3, 0.3, 0.3, 0.3, 0.3, 0.3, 0.3, 0.3, 0.3, 0.3, 0.2, 0.3, 0.3, 0.3, 0.3, 0.3, 0.3, 0.3, 0.3, 0.3, 0.3, 0.3, 0.3, 0.3, 0.3, 0.3, 0.3, 0.6, 0.3, 0.3, 0.3, 0.3, 0.3, 0.3, 0.3, 0.3, 0.3, 0.1, 0.3, 0.3, 0.7, 0.3, 0.9, 0.3, 0.3, 0.3, 0.2, 0.3, 0.3, 0.3, 0.0, 0.3, 0.0, 0.3, 0.3, 0.3, 0.3, 0.3, 0.9, 0.3, 0.3, 0.3, 0.3, 0.3, 0.3, 0.3, 0.3, 0.3, 0.3, 0.3, 0.3, 0.3, 0.3, 0.3, 0.3, 0.1, 0.4, 0.4, 0.4, 0.4, 0.4, 0.4, 0.4, 0.4, 0.4, 0.4, 0.4, 0.4, 0.4, 0.4, 0.4, 0.4, 0.4, 0.4, 0.4, 0.4, 0.4, 0.4, 0.4, 0.4, 0.4, 0.0, 0.4, 0.9, 0.4, 0.4, 0.4, 0.4, 0.4, 0.4, 0.4, 0.4, 0.4, 0.4, 0.4, 0.4, 0.4, 0.9, 0.4, 0.4, 0.4, 0.4, 0.4, 0.4, 0.4, 0.4, 0.4, 0.4, 0.4, 0.4, 0.4, 0.4, 0.4, 0.4, 0.4, 0.4, 0.4, 0.4, 0.4, 0.9, 0.4, 0.4, 0.4, 0.4, 0.4, 0.4, 0.4, 0.0, 0.4, 0.4, 0.4, 0.4, 0.4, 0.4, 0.4, 0.4, 0.4, 0.4, 0.4, 0.1, 0.4, 0.4, 0.4, 0.4, 0.4, 0.4, 0.4, 0.4, 0.4, 0.4, 0.4, 0.4, 0.4, 0.4, 0.4, 0.4, 0.5, 0.5, 0.5, 0.5, 0.5, 0.9, 0.3, 0.5, 0.5, 0.5, 0.5, 0.5, 0.5, 0.5, 0.5, 0.5, 0.5, 0.5, 0.5, 0.5, 0.5, 0.5, 0.5, 0.5, 0.5, 0.5, 0.5, 0.5, 0.5, 0.5, 0.5, 0.5, 0.5, 0.5, 0.1, 0.5, 0.5, 0.5, 0.5, 0.5, 0.5, 0.5, 0.5, 0.5, 0.0, 0.5, 0.5, 0.5, 0.5, 0.5, 0.5, 0.1, 0.5, 0.1, 0.5, 0.5, 0.5, 0.5, 0.4, 0.5, 0.5, 0.5, 0.5, 0.5, 0.5, 0.5, 0.5, 0.5, 0.5, 0.5, 0.5, 0.5, 0.5, 0.5, 0.5, 0.2, 0.5, 0.5, 0.5, 0.5, 0.5, 0.5, 0.5, 0.5, 0.5, 0.5, 0.3, 0.5, 0.4, 0.1, 0.5, 0.5, 0.5, 0.5, 0.5, 0.5, 0.5, 0.5, 0.5, 0.5, 0.6, 0.6, 0.6, 0.6, 0.6, 0.6, 0.6, 0.6, 0.6, 0.6, 0.6, 0.6, 0.6, 0.6, 0.6, 0.6, 0.6, 0.6, 0.6, 0.6, 0.6, 0.6, 0.6, 0.6, 0.6, 0.6, 0.6, 0.6, 0.6, 0.6, 0.6, 0.6, 0.6, 0.6, 0.6, 0.9, 0.6, 0.6, 0.0, 0.6, 0.6, 0.6, 0.6, 0.6, 0.6, 0.6, 0.6, 0.6, 0.6, 0.6, 0.6, 0.6, 0.6, 0.6, 0.5, 0.6, 0.6, 0.6, 0.6, 0.6, 0.6, 0.6, 0.6, 0.6, 0.9, 0.6, 0.0, 0.1, 0.6, 0.6, 0.6, 0.6, 0.6, 0.6, 0.6, 0.6, 0.6, 0.6, 0.2, 0.6, 0.6, 0.6, 0.6, 0.6, 0.6, 0.6, 0.1, 0.5, 0.6, 0.6, 0.6, 0.6, 0.6, 0.6, 0.6, 0.6, 0.6, 0.6, 0.6, 0.6, 0.7, 0.7, 0.1, 0.7, 0.7, 0.7, 0.7, 0.7, 0.7, 0.7, 0.7, 0.7, 0.7, 0.7, 0.7, 0.7, 0.2, 0.7, 0.7, 0.7, 0.7, 0.7, 0.7, 0.7, 0.7, 0.7, 0.7, 0.7, 0.7, 0.7, 0.7, 0.7, 0.7, 0.7, 0.0, 0.7, 0.7, 0.7, 0.7, 0.0, 0.7, 0.7, 0.7, 0.7, 0.7, 0.7, 0.7, 0.7, 0.7, 0.7, 0.3, 0.2, 0.7, 0.7, 0.7, 0.7, 0.7, 0.7, 0.7, 0.7, 0.7, 0.7, 0.7, 0.7, 0.7, 0.7, 0.7, 0.3, 0.7, 0.0, 0.7, 0.7, 0.7, 0.7, 0.7, 0.7, 0.7, 0.7, 0.7, 0.7, 0.7, 0.7, 0.7, 0.7, 0.7, 0.7, 0.7, 0.7, 0.7, 0.7, 0.7, 0.4, 0.7, 0.0, 0.7, 0.7, 0.7, 0.7, 0.7, 0.1, 0.8, 0.8, 0.8, 0.8, 0.8, 0.8, 0.8, 0.9, 0.8, 0.8, 0.3, 0.8, 0.8, 0.8, 0.8, 0.8, 0.8, 0.8, 0.8, 0.8, 0.8, 0.8, 0.8, 0.8, 0.8, 0.8, 0.8, 0.8, 0.8, 0.8, 0.8, 0.8, 0.8, 0.8, 0.8, 0.8, 0.8, 0.8, 0.8, 0.8, 0.8, 0.8, 0.5, 0.8, 0.8, 0.8, 0.8, 0.8, 0.8, 0.8, 0.0, 0.4, 0.8, 0.8, 0.2, 0.8, 0.8, 0.8, 0.8, 0.8, 0.8, 0.8, 0.9, 0.8, 0.8, 0.8, 0.8, 0.8, 0.8, 0.8, 0.8, 0.8, 0.8, 0.8, 0.8, 0.8, 0.8, 0.8, 0.8, 0.8, 0.8, 0.8, 0.8, 0.8, 0.8, 0.8, 0.8, 0.8, 0.8, 0.8, 0.8, 0.8, 0.8, 0.8, 0.8, 0.8, 0.8, 0.8, 0.3, 0.8, 0.9, 0.9, 0.9, 0.9, 0.9, 0.9, 0.9, 0.9, 0.9, 0.9, 0.9, 0.9, 0.9, 0.9, 0.5, 0.9, 0.9, 0.9, 0.9, 0.9, 0.9, 0.1, 0.9, 0.9, 0.9, 0.9, 0.9, 0.9, 0.9, 0.9, 0.9, 0.9, 0.9, 0.9, 0.9, 0.9, 0.9, 0.9, 0.9, 0.6, 0.2, 0.9, 0.9, 0.9, 0.0, 0.9, 0.9, 0.9, 0.9, 0.9, 0.9, 0.9, 0.9, 0.9, 0.9, 0.9, 0.9, 0.9, 0.9, 0.9, 0.9, 0.9, 0.9, 0.9, 0.9, 0.9, 0.9, 0.9, 0.9, 0.9, 0.9, 0.9, 0.1, 0.9, 0.9, 0.9, 0.9, 0.9, 0.9, 0.9, 0.9, 0.9, 0.9, 0.9, 0.9, 0.9, 0.9, 0.9, 0.9, 0.9, 0.9, 0.9, 0.3, 0.9, 0.9, 0.0, 0.9, 0.9, 0.9, 0.9]'
