 sum_p: 0 -4029.11079365 4265.17492063 -8.29428571429
 sum_fitness: 0 0
 sum_p: 1 -4043.93571429 4224.23888889 -8.26817460317
 sum_fitness: 1 0
 sum_p: 2 -4043.10420635 4380.30849206 -8.42341269841
 sum_fitness: 2 0
 sum_p: 3 -4051.75325397 4218.96103175 -8.27071428571
 sum_fitness: 3 0
 sum_p: 4 -4025.85912698 4276.75992063 -8.30261904762
 sum_fitness: 4 0
 sum_p: 5 -4025.86126984 4417.86888889 -8.44373015873
 sum_fitness: 5 0
 sum_p: 6 -4039.88952381 4385.50730159 -8.4253968254
 sum_fitness: 6 0
 sum_p: 7 -4031.26571429 4554.68666667 -8.58595238095
 sum_fitness: 7 0
 sum_p: 8 -4018.42015873 4363.64333333 -8.38206349206
 sum_fitness: 8 0
 sum_p: 9 -4030.55746032 4331.50603175 -8.36206349206
 sum_fitness: 9 0
